Sample	total_reads	avg_input_read_length	uniquely_mapped	uniquely_mapped_percent	avg_mapped_read_length	num_splices	num_annotated_splices	num_GTAG_splices	num_GCAG_splices	num_ATAC_splices	num_noncanonical_splices	mismatch_rate	deletion_rate	deletion_length	insertion_rate	insertion_length	multimapped	multimapped_percent	multimapped_toomany	multimapped_toomany_percent	unmapped_mismatches_percent	unmapped_tooshort_percent	unmapped_other_percent	unmapped_mismatches	unmapped_tooshort	unmapped_other
STARpass1	4142479.0	202.0	2579207.0	62.26	195.14	1349908.0	1233861.0	1326829.0	9341.0	928.0	12810.0	1.6	0.06	1.96	0.05	2.06	150665.0	3.64	4992.0	0.12	0.34	33.49	0.16	14080	1386909	6626
Sample_1-NS	80469257.0	147.0	62433746.0	77.59	149.78	24075404.0	24039023.0	23873865.0	168217.0	15720.0	17602.0	0.27	0.0	1.39	0.0	1.54	12066878.0	15.0	114356.0	0.14	0.04	3.04	4.2	32166	2444643	3377468
Sample_10-NS	70264316.0	149.0	49865706.0	70.97	149.67	17968218.0	17942273.0	17809055.0	134966.0	11131.0	13066.0	0.23	0.0	1.32	0.0	1.58	15876003.0	22.59	58941.0	0.08	0.11	3.77	2.48	77202	2645915	1740549
Sample_100-NS	3613412.0	202.0	2082494.0	57.63	195.6	919997.0	910179.0	904222.0	8338.0	684.0	6753.0	1.5	0.05	1.96	0.04	1.94	107880.0	2.99	3857.0	0.11	0.13	39.0	0.15	4697	1409065	5419
Sample_101-NS	17193706.0	202.0	10549809.0	61.36	191.75	5722257.0	5708032.0	5675947.0	31812.0	2883.0	11615.0	3.18	0.01	1.9	0.01	1.76	734906.0	4.27	4811.0	0.03	0.23	33.82	0.29	39545	5814775	49861
Sample_102-NS	18803998.0	202.0	11573616.0	61.55	191.91	5628895.0	5615976.0	5575935.0	37397.0	2990.0	12573.0	3.16	0.01	1.78	0.01	1.87	594054.0	3.16	4387.0	0.02	0.24	34.97	0.06	45128	6575531	11282
Sample_103-NS	3899769.0	202.0	2313388.0	59.32	195.2	1086636.0	1076350.0	1066468.0	9361.0	677.0	10130.0	1.63	0.05	1.93	0.05	2.01	141297.0	3.62	6101.0	0.16	0.18	36.56	0.16	7019	1425724	6239
Sample_104-NS	4850771.0	202.0	2704791.0	55.76	195.1	1220019.0	1205923.0	1194222.0	10596.0	751.0	14450.0	1.57	0.06	1.89	0.05	1.98	185758.0	3.83	6697.0	0.14	0.2	39.89	0.18	9702	1935091	8732
Sample_105-NS	4489414.0	202.0	2590165.0	57.69	194.62	1183415.0	1170884.0	1157137.0	13699.0	710.0	11869.0	1.65	0.05	1.92	0.05	1.98	172644.0	3.85	5033.0	0.11	0.32	37.75	0.28	14365	1694637	12569
Sample_106-NS	5708634.0	202.0	3754495.0	65.77	194.63	1639410.0	1629749.0	1619814.0	12618.0	1020.0	5958.0	2.36	0.03	1.84	0.03	1.87	180317.0	3.16	3555.0	0.06	0.21	30.71	0.09	11988	1753141	5138
Sample_107-NS	218508.0	202.0	164872.0	75.45	195.01	90860.0	90335.0	89666.0	714.0	89.0	391.0	0.81	0.02	1.69	0.02	1.92	8297.0	3.8	198.0	0.09	0.23	20.37	0.06	503	44507	131
Sample_108-NS	6667293.0	202.0	3155462.0	47.33	189.93	1469388.0	1457156.0	1439210.0	17621.0	1039.0	11518.0	1.78	0.04	1.92	0.04	1.97	194708.0	2.92	3983.0	0.06	0.12	49.44	0.13	8001	3296471	8668
Sample_109-NS	3856490.0	202.0	2548134.0	66.07	195.64	1114262.0	1102115.0	1094771.0	10406.0	653.0	8432.0	1.51	0.06	1.95	0.05	2.05	134955.0	3.5	6728.0	0.17	0.15	29.89	0.22	5783	1152408	8482
Sample_11-NS	87508659.0	150.0	69919073.0	79.9	149.96	28026839.0	27988766.0	27792867.0	196952.0	17380.0	19640.0	0.31	0.0	1.32	0.0	1.57	15117979.0	17.28	62160.0	0.07	0.03	2.31	0.41	26285	2023935	359227
Sample_110-NS	6177405.0	202.0	3587045.0	58.07	194.98	1561787.0	1545916.0	1532172.0	15095.0	1017.0	13503.0	1.57	0.05	1.88	0.06	2.17	246131.0	3.98	8569.0	0.14	0.21	37.37	0.22	12976	2309090	13594
Sample_111-NS	3823977.0	202.0	2265234.0	59.24	195.69	1007112.0	995182.0	988412.0	10435.0	616.0	7649.0	1.49	0.05	1.89	0.05	1.95	114784.0	3.0	5885.0	0.15	0.18	37.23	0.2	6883	1423544	7647
Sample_112-AK	92579327.0	150.0	69621730.0	75.2	149.95	25009089.0	24966532.0	24774336.0	195704.0	15810.0	23239.0	0.34	0.0	1.41	0.0	1.66	17894943.0	19.33	82154.0	0.09	0.03	3.86	1.48	27824	3580024	1372652
Sample_113-AK	98812318.0	150.0	72656926.0	73.53	149.98	29624641.0	29568866.0	29319493.0	263955.0	16092.0	25101.0	0.29	0.0	1.39	0.0	1.6	21034431.0	21.29	112992.0	0.11	0.06	3.26	1.75	59266	3220114	1728589
Sample_114-AK	108268083.0	149.0	78134672.0	72.17	149.77	31048222.0	30997885.0	30703450.0	298296.0	20747.0	25729.0	0.32	0.0	1.38	0.0	1.6	21842333.0	20.17	94390.0	0.09	0.11	4.59	2.87	119106	4969987	3107595
Sample_115-AK	106593680.0	150.0	83312045.0	78.16	149.86	38461412.0	38404602.0	38165763.0	250826.0	24961.0	19862.0	0.28	0.0	1.34	0.0	1.5	18584766.0	17.44	79691.0	0.07	0.03	3.45	0.85	31990	3678814	906374
Sample_116-AK	148613588.0	149.0	121060631.0	81.46	149.53	42620069.0	42555098.0	42244388.0	323600.0	27133.0	24948.0	0.27	0.0	1.29	0.0	1.5	22710380.0	15.28	122503.0	0.08	0.04	2.59	0.55	59372	3844337	816365
Sample_117-AK	144346524.0	150.0	109943314.0	76.17	149.78	48147691.0	48075944.0	47755053.0	323871.0	34109.0	34658.0	0.31	0.0	1.4	0.0	1.53	24902394.0	17.25	182868.0	0.13	0.03	5.18	1.24	43339	7483251	1791357
Sample_118-AK	177456557.0	149.0	142184038.0	80.12	149.54	59395583.0	59307843.0	58899111.0	418133.0	43034.0	35305.0	0.27	0.0	1.28	0.0	1.51	25752908.0	14.51	252919.0	0.14	0.05	3.97	1.2	88761	7047657	2130274
Sample_119-AK	66781654.0	149.0	51062531.0	76.46	149.61	20597820.0	20544382.0	20423670.0	148996.0	13373.0	11781.0	0.35	0.0	1.33	0.0	1.54	12935192.0	19.37	78551.0	0.12	0.02	3.38	0.65	13360	2257823	434197
Sample_12-NS	64771291.0	150.0	52007301.0	80.29	149.92	17984474.0	17961197.0	17828585.0	134699.0	11785.0	9405.0	0.29	0.0	1.3	0.0	1.51	10728698.0	16.56	61096.0	0.09	0.03	2.59	0.43	19418	1676448	278329
Sample_120-AK	105365641.0	150.0	76737092.0	72.83	149.91	30580245.0	30527123.0	30341900.0	201058.0	18905.0	18382.0	0.29	0.0	1.29	0.0	1.54	21127804.0	20.05	161236.0	0.15	0.03	5.16	1.78	31590	5433553	1874365
Sample_121-AK	132339525.0	150.0	99529847.0	75.21	149.72	43288943.0	43226636.0	42914581.0	311839.0	28500.0	34023.0	0.29	0.0	1.32	0.0	1.51	23301975.0	17.61	112564.0	0.09	0.05	5.0	2.05	66163	6616295	2712681
Sample_122-AK	109027679.0	149.0	75774455.0	69.5	149.27	32741665.0	32676548.0	32468148.0	235382.0	20724.0	17411.0	0.24	0.0	1.29	0.0	1.5	16190381.0	14.85	100239.0	0.09	0.04	14.15	1.37	43606	15425504	1493494
Sample_123-AK	87364483.0	149.0	65050260.0	74.46	149.46	27509395.0	27443357.0	27265048.0	209188.0	16193.0	18966.0	0.26	0.0	1.29	0.0	1.52	16900827.0	19.35	133584.0	0.15	0.11	4.05	1.88	96156	3540271	1643385
Sample_124-AK	93705310.0	150.0	74341147.0	79.34	149.85	23945254.0	23883594.0	23727928.0	186234.0	14679.0	16413.0	0.26	0.0	1.32	0.0	1.51	14335325.0	15.3	101631.0	0.11	0.06	3.86	1.34	56204	3615783	1255220
Sample_125-AK	137974871.0	149.0	118173342.0	85.65	149.52	29048454.0	29011666.0	28669623.0	342327.0	18949.0	17555.0	0.27	0.0	1.31	0.01	1.49	16844366.0	12.21	184434.0	0.13	0.03	1.61	0.37	41384	2220942	510403
Sample_126-AK	57019819.0	152.0	51813573.0	90.87	150.14	7979946.0	7964886.0	7888572.0	80481.0	6203.0	4690.0	0.68	0.01	1.26	0.01	1.59	2079947.0	3.65	48208.0	0.08	0.04	5.31	0.05	22801	3026789	28501
Sample_127-AK	48188749.0	152.0	39448703.0	81.86	149.27	4546646.0	4535430.0	4495631.0	43376.0	3666.0	3973.0	0.66	0.01	1.31	0.01	1.59	1583905.0	3.29	45162.0	0.09	0.04	14.67	0.04	19284	7072411	19284
Sample_128-AK	50075265.0	152.0	43055642.0	85.98	149.78	4988575.0	4977598.0	4931482.0	48651.0	4560.0	3882.0	0.7	0.01	1.26	0.01	1.61	1865923.0	3.73	48074.0	0.1	0.05	10.1	0.04	25052	5060532	20042
Sample_129-AK	58622048.0	152.0	52832673.0	90.12	150.08	7978355.0	7964029.0	7864880.0	101329.0	7286.0	4860.0	0.66	0.01	1.26	0.01	1.57	2064642.0	3.52	52376.0	0.09	0.03	6.18	0.05	17599	3625426	29332
Sample_13-NS	83026935.0	149.0	62911509.0	75.77	149.83	19538941.0	19509891.0	19344575.0	164912.0	14563.0	14891.0	0.26	0.0	1.33	0.0	1.55	17114121.0	20.61	76826.0	0.09	0.04	2.19	1.3	33139	1814337	1077004
Sample_130-AK	40903539.0	150.0	37243859.0	91.05	148.73	15634602.0	15607446.0	15493605.0	118179.0	9743.0	13075.0	0.35	0.01	1.24	0.01	1.3	2509695.0	6.14	19421.0	0.05	0.03	2.68	0.05	12289	1097794	20481
Sample_131-AK	56234924.0	152.0	50866771.0	90.45	150.08	7282401.0	7267966.0	7209740.0	62304.0	6158.0	4199.0	0.67	0.01	1.23	0.01	1.58	2181176.0	3.88	50571.0	0.09	0.04	5.48	0.06	22483	3080198	33725
Sample_132-AK	53452061.0	152.0	47472968.0	88.81	149.96	7875833.0	7856715.0	7799851.0	64613.0	6355.0	5014.0	0.69	0.01	1.2	0.01	1.58	2327510.0	4.35	42396.0	0.08	0.06	6.64	0.05	32082	3550371	26735
Sample_133-AK	50510360.0	152.0	45687496.0	90.45	150.75	18276359.0	18244283.0	18117951.0	126664.0	12783.0	18961.0	0.39	0.01	1.26	0.01	1.31	3204950.0	6.35	20853.0	0.04	0.17	2.91	0.08	85918	1470711	40432
Sample_134-AK	50367769.0	152.0	45804796.0	90.94	150.77	19507150.0	19473594.0	19345500.0	132838.0	13444.0	15368.0	0.34	0.01	1.23	0.01	1.33	3210212.0	6.37	44126.0	0.09	0.11	2.45	0.04	55365	1233137	20133
Sample_135-AK	57061237.0	150.0	51873345.0	90.91	148.76	20904140.0	20864248.0	20722437.0	152973.0	12299.0	16431.0	0.37	0.01	1.25	0.01	1.29	3461616.0	6.07	31885.0	0.06	0.05	2.84	0.08	28525	1620226	45640
Sample_136-AK	35842523.0	202.0	30816377.0	85.98	200.39	22430179.0	22398493.0	22262759.0	132107.0	13581.0	21732.0	0.37	0.01	1.17	0.01	1.43	4140026.0	11.55	6195.0	0.02	0.28	2.12	0.05	100563	761404	17958
Sample_137-AK	34498258.0	202.0	32105235.0	93.06	200.36	19369434.0	19337872.0	19212630.0	124662.0	14874.0	17268.0	0.36	0.0	1.2	0.01	1.39	1750196.0	5.07	14088.0	0.04	0.08	1.68	0.06	27637	580374	20728
Sample_138-AK	50354009.0	202.0	47282966.0	93.9	200.39	28500873.0	28467649.0	28274761.0	184244.0	20002.0	21866.0	0.36	0.01	1.2	0.01	1.39	2127461.0	4.23	14424.0	0.03	0.08	1.74	0.03	40180	873911	15067
Sample_139-AK	45913115.0	202.0	41366260.0	90.1	200.11	27628397.0	27577644.0	27418896.0	162961.0	17000.0	29540.0	0.38	0.0	1.23	0.01	1.47	3560740.0	7.76	18811.0	0.04	0.09	1.93	0.09	41259	884785	41259
Sample_14-NS	108677612.0	147.0	79156793.0	72.84	149.85	26228361.0	26194200.0	25989595.0	203662.0	17209.0	17895.0	0.24	0.0	1.29	0.0	1.54	20389333.0	18.76	90489.0	0.08	0.03	3.15	5.14	32600	3422974	5585424
Sample_140-AK	38139044.0	202.0	35687043.0	93.57	200.4	20788415.0	20758373.0	20607457.0	148262.0	13722.0	18974.0	0.36	0.01	1.22	0.01	1.45	1731578.0	4.54	13225.0	0.03	0.11	1.7	0.05	41824	646364	19011
Sample_141-AK	22408655.0	202.0	20858776.0	93.08	200.16	11030162.0	11011051.0	10920956.0	87093.0	8273.0	13840.0	0.67	0.01	1.23	0.01	1.45	926942.0	4.14	8334.0	0.04	0.3	2.39	0.06	67048	534146	13410
Sample_142-AK	29553147.0	202.0	27773762.0	93.98	200.61	15075642.0	15054613.0	14952056.0	100075.0	11985.0	11526.0	0.26	0.01	1.2	0.01	1.44	1011599.0	3.42	11742.0	0.04	0.08	2.44	0.04	23626	720604	11813
Sample_143-AK	29781424.0	202.0	27521225.0	92.41	200.61	16886879.0	16856276.0	16740179.0	119896.0	10573.0	16231.0	0.26	0.01	1.19	0.01	1.44	1527400.0	5.13	10483.0	0.04	0.1	2.25	0.08	29725	668811	23780
Sample_144-AK	46826958.0	202.0	43807610.0	93.55	200.61	25139868.0	25106292.0	24919867.0	179566.0	20356.0	20079.0	0.26	0.01	1.21	0.01	1.42	1727952.0	3.69	19471.0	0.04	0.09	2.58	0.04	42241	1210910	18774
Sample_145-AK	45466367.0	202.0	42244293.0	92.91	200.25	24115628.0	24063669.0	23906088.0	167909.0	17216.0	24415.0	0.36	0.01	1.22	0.01	1.46	2341672.0	5.15	20756.0	0.05	0.09	1.73	0.07	40936	786872	31839
Sample_146-AK	36870899.0	202.0	34270309.0	92.95	200.12	19427733.0	19399471.0	19256208.0	138245.0	14588.0	18692.0	0.66	0.01	1.26	0.01	1.45	1682040.0	4.56	12113.0	0.03	0.21	2.19	0.06	77379	806950	22108
Sample_147-AK	46491762.0	202.0	43128387.0	92.77	200.14	25202678.0	25161996.0	24995290.0	163746.0	17675.0	25967.0	0.67	0.0	1.26	0.01	1.47	2231814.0	4.8	17598.0	0.04	0.2	2.1	0.09	93219	978796	41948
Sample_148-AK	36047829.0	202.0	33043994.0	91.67	200.44	18405738.0	18375916.0	18255252.0	122115.0	12668.0	15703.0	0.36	0.01	1.22	0.01	1.39	2412786.0	6.69	14275.0	0.04	0.07	1.48	0.05	25234	533516	18024
Sample_149-AK	35526667.0	194.0	30811058.0	86.73	194.54	21796725.0	21760005.0	21631037.0	131693.0	13197.0	20798.0	0.23	0.01	1.17	0.01	1.45	4165972.0	11.73	5170.0	0.01	0.24	1.22	0.07	85407	434150	24910
Sample_15-NS	94040993.0	142.0	56853193.0	60.46	149.2	17149907.0	17118584.0	16961300.0	166623.0	10147.0	11837.0	0.29	0.0	1.26	0.0	1.55	20352740.0	21.64	114009.0	0.12	0.05	5.23	12.51	46996	4915745	11758311
Sample_150-AK	91816176.0	198.0	77697806.0	84.62	198.56	24605012.0	24566635.0	24383609.0	188028.0	16448.0	16927.0	0.2	0.01	1.22	0.01	1.55	6329859.0	6.89	108156.0	0.12	0.09	8.17	0.11	82584	7496834	100937
Sample_151-AK	80252420.0	198.0	73218732.0	91.24	198.46	25352485.0	25314109.0	25146056.0	173724.0	16681.0	16024.0	0.2	0.01	1.26	0.01	1.52	6085568.0	7.58	85491.0	0.11	0.06	0.92	0.1	47924	734832	79873
Sample_152-AK	86734919.0	199.0	76856610.0	88.61	198.65	37562062.0	37510839.0	37258182.0	248997.0	25571.0	29312.0	0.18	0.01	1.24	0.01	1.53	7945184.0	9.16	123223.0	0.14	0.07	1.92	0.1	60619	1662685	86598
Sample_153-AK	81924535.0	199.0	71527660.0	87.31	198.91	32960541.0	32914641.0	32694278.0	222553.0	22127.0	21583.0	0.18	0.01	1.27	0.01	1.5	9008224.0	11.0	105661.0	0.13	0.07	1.41	0.08	57570	1159626	65794
Sample_154-AK	85996629.0	198.0	73332392.0	85.27	198.21	44650801.0	44581900.0	44295199.0	292258.0	29363.0	33981.0	0.18	0.0	1.2	0.0	1.48	11119948.0	12.93	179113.0	0.21	0.07	1.44	0.08	60102	1236386	68688
Sample_155-AK	80454819.0	199.0	68206177.0	84.78	198.92	23964242.0	23891647.0	23710991.0	187997.0	17277.0	47977.0	0.2	0.01	1.29	0.01	1.62	6471164.0	8.04	153659.0	0.19	0.22	6.53	0.24	177001	5253725	193092
Sample_156-AK	79239836.0	199.0	64734197.0	81.69	198.73	30700803.0	30651740.0	30397920.0	250845.0	19978.0	32060.0	0.18	0.01	1.23	0.01	1.57	12672767.0	15.99	125035.0	0.16	0.17	1.69	0.3	134413	1336224	237200
Sample_157-AK	87651640.0	198.0	74653027.0	85.17	198.42	46862262.0	46804248.0	46530455.0	277238.0	28808.0	25761.0	0.16	0.0	1.22	0.0	1.45	11665101.0	13.31	139882.0	0.16	0.05	1.22	0.09	43883	1070756	78990
Sample_158-AK_IEC	58545887.0	196.0	54752549.0	93.52	195.75	33319214.0	33245138.0	33033151.0	231366.0	19518.0	35179.0	0.17	0.01	1.2	0.01	1.45	3222861.0	5.5	22328.0	0.04	0.08	0.77	0.09	46651	449016	52482
Sample_159-AK_IEC	29373746.0	196.0	27521177.0	93.69	195.86	16441834.0	16412345.0	16298363.0	117723.0	10160.0	15588.0	0.17	0.01	1.18	0.01	1.44	1543987.0	5.26	10784.0	0.04	0.07	0.87	0.07	20639	256519	20639
Sample_16-NS	100289132.0	149.0	55381940.0	55.22	149.23	18048867.0	18011569.0	17833138.0	194171.0	10418.0	11140.0	0.23	0.0	1.17	0.0	1.54	29750634.0	29.66	83980.0	0.08	0.06	5.17	9.8	60170	5184646	9827762
Sample_160-AK_IEC	36366915.0	193.0	34191098.0	94.02	192.94	18635744.0	18606860.0	18472052.0	131938.0	14104.0	17650.0	0.49	0.01	1.23	0.01	1.47	1704838.0	4.69	13226.0	0.04	0.11	1.09	0.06	39963	395993	21798
Sample_161-AK_IEC	45894069.0	193.0	43003845.0	93.7	192.81	24161162.0	24122710.0	23963542.0	156386.0	16991.0	24243.0	0.5	0.01	1.23	0.01	1.5	2270883.0	4.95	19296.0	0.04	0.11	1.12	0.08	50385	513016	36644
Sample_162-AK_IEC	48615451.0	193.0	45904659.0	94.42	192.76	25951890.0	25915882.0	25723374.0	182048.0	20578.0	25890.0	0.5	0.01	1.2	0.01	1.57	2140779.0	4.4	16707.0	0.03	0.15	0.94	0.04	73448	460272	19586
Sample_163-AK_IEC	47233402.0	194.0	44248575.0	93.68	193.25	25012654.0	24970140.0	24809286.0	161073.0	15977.0	26318.0	0.36	0.01	1.22	0.01	1.6	2466340.0	5.22	19503.0	0.04	0.1	0.9	0.06	47074	423666	28244
Sample_164-AK_IEC	27389909.0	193.0	24125591.0	88.08	193.44	13043262.0	13021340.0	12923760.0	93935.0	10735.0	14832.0	0.36	0.01	1.21	0.01	1.54	2833136.0	10.34	13112.0	0.05	0.19	1.25	0.09	51917	341560	24592
Sample_165-AK_IEC	45483016.0	194.0	41474799.0	91.19	194.09	26747633.0	26699511.0	26544794.0	158865.0	16491.0	27483.0	0.23	0.0	1.19	0.01	1.5	3509875.0	7.72	18044.0	0.04	0.06	0.89	0.11	27187	403269	49842
Sample_166-AK_IEC_SCC	36970527.0	194.0	29817092.0	80.65	194.77	19407531.0	19376941.0	19249087.0	124885.0	13201.0	20358.0	0.22	0.01	1.19	0.01	1.44	6393568.0	17.29	10113.0	0.03	0.17	1.65	0.21	62787	609406	77561
Sample_167-AK_IEC_SCC	33378302.0	195.0	30644013.0	91.81	194.6	17595263.0	17567567.0	17441869.0	120686.0	12870.0	19838.0	0.22	0.01	1.2	0.01	1.46	2303681.0	6.9	14720.0	0.04	0.17	1.02	0.06	56561	339365	19963
Sample_168-AK_IEC_SCC	49956208.0	195.0	47307405.0	94.7	194.31	27626112.0	27591431.0	27406389.0	179521.0	19365.0	20837.0	0.21	0.01	1.19	0.01	1.4	2151906.0	4.31	15477.0	0.03	0.05	0.88	0.03	25074	441302	15044
Sample_169-IEC	37664907.0	202.0	35298823.0	93.72	200.32	20556032.0	20526338.0	20384884.0	136619.0	16066.0	18463.0	0.49	0.01	1.23	0.01	1.47	1653142.0	4.39	14852.0	0.04	0.14	1.68	0.03	52828	633941	11320
Sample_17-NS	61219367.0	148.0	40250781.0	65.75	149.14	14277753.0	14252194.0	14152274.0	101816.0	9366.0	14297.0	0.24	0.0	1.25	0.0	1.53	15257753.0	24.92	51247.0	0.08	0.04	3.73	5.47	24500	2284660	3350426
Sample_170-IEC	49677062.0	202.0	45679030.0	91.95	200.24	26088044.0	26041006.0	25836583.0	194019.0	18545.0	38897.0	0.51	0.01	1.24	0.01	1.51	2695513.0	5.43	19054.0	0.04	0.31	2.2	0.07	154215	1094428	34823
Sample_171-IEC	59315936.0	202.0	54750524.0	92.3	200.59	34246105.0	34189354.0	33953910.0	237374.0	20068.0	34753.0	0.27	0.0	1.21	0.01	1.44	3216567.0	5.42	23244.0	0.04	0.11	2.04	0.09	65096	1207244	53261
Sample_172-IEC	49192947.0	202.0	45999176.0	93.51	200.14	27068912.0	27028433.0	26830702.0	188908.0	21271.0	28031.0	0.67	0.01	1.22	0.01	1.52	2103025.0	4.28	15212.0	0.03	0.25	1.89	0.04	123341	932458	19735
Sample_173-IEC	47682060.0	202.0	44242237.0	92.79	200.26	25982253.0	25940943.0	25771855.0	165997.0	16615.0	27786.0	0.52	0.01	1.24	0.01	1.57	2450278.0	5.14	18033.0	0.04	0.16	1.82	0.06	76197	866741	28574
Sample_174-IEC	27651636.0	202.0	24099745.0	87.15	200.24	13541091.0	13517712.0	13411602.0	100056.0	11060.0	18373.0	0.51	0.01	1.25	0.01	1.5	2825418.0	10.22	13179.0	0.05	0.26	2.29	0.03	71882	633118	8294
Sample_175-IEC	33896079.0	202.0	30635554.0	90.38	200.32	18828156.0	18797716.0	18679828.0	116149.0	13122.0	19057.0	0.51	0.01	1.23	0.01	1.49	2560493.0	7.55	11913.0	0.04	0.14	1.8	0.09	47456	610155	30508
Sample_176-IEC	29138443.0	196.0	27794450.0	95.39	195.85	14681234.0	14659711.0	14561762.0	96641.0	11651.0	11180.0	0.17	0.01	1.19	0.01	1.46	1025351.0	3.52	12425.0	0.04	0.05	0.96	0.04	14582	279970	11665
Sample_177-IEC	29553434.0	193.0	27702127.0	93.74	192.95	15110328.0	15085782.0	14981695.0	104292.0	10660.0	13681.0	0.51	0.01	1.23	0.01	1.46	1435308.0	4.86	10905.0	0.04	0.18	1.12	0.07	53224	331172	20698
Sample_178-IEC	22107438.0	193.0	20824761.0	94.2	193.0	10570699.0	10552267.0	10466565.0	83996.0	7998.0	12140.0	0.5	0.01	1.2	0.01	1.47	936397.0	4.24	9200.0	0.04	0.19	1.29	0.05	41860	284205	11016
Sample_179-IEC	37383044.0	194.0	35326368.0	94.5	193.76	19840778.0	19811079.0	19675290.0	132634.0	15491.0	17363.0	0.35	0.01	1.2	0.01	1.5	1678448.0	4.49	16281.0	0.04	0.09	0.84	0.03	33933	316704	11311
Sample_18-NS	112152359.0	149.0	82361928.0	73.44	149.67	28730653.0	28688002.0	28451661.0	244320.0	17871.0	16801.0	0.23	0.0	1.25	0.0	1.54	25644662.0	22.87	105847.0	0.09	0.03	2.32	1.25	33666	2603505	1402751
Sample_180-IEC	49273195.0	194.0	45705294.0	92.76	193.6	25135120.0	25091848.0	24908335.0	182301.0	17967.0	26517.0	0.36	0.01	1.21	0.01	1.54	2737530.0	5.56	20811.0	0.04	0.24	1.33	0.07	118472	656533	34554
Sample_181-IEC	45094315.0	195.0	42308182.0	93.82	194.47	23435489.0	23382580.0	23231984.0	163492.0	16897.0	23116.0	0.22	0.01	1.19	0.01	1.48	2346702.0	5.2	21569.0	0.05	0.06	0.8	0.07	26959	359451	31452
Sample_182-IEC	44159039.0	195.0	41739181.0	94.52	194.56	23994675.0	23957033.0	23796146.0	161768.0	17241.0	19520.0	0.21	0.01	1.19	0.01	1.43	2028200.0	4.59	17903.0	0.04	0.06	0.74	0.04	26697	329260	17798
Sample_183-IEC	34181975.0	195.0	32120002.0	93.97	194.51	18815175.0	18778219.0	18664288.0	120636.0	13938.0	16313.0	0.21	0.01	1.18	0.01	1.41	1758959.0	5.15	14465.0	0.04	0.05	0.74	0.05	17176	254198	17176
Sample_184-IEC	37811984.0	195.0	35720427.0	94.47	194.66	20189440.0	20154198.0	20013654.0	144896.0	13350.0	17540.0	0.21	0.01	1.2	0.01	1.47	1747260.0	4.62	13586.0	0.04	0.08	0.76	0.04	30065	285614	15032
Sample_185-KA	60655456.0	150.0	47272119.0	77.94	149.81	20425309.0	20394794.0	20254681.0	143787.0	12785.0	14056.0	0.3	0.0	1.27	0.0	1.55	11383449.0	18.77	33757.0	0.06	0.04	2.6	0.6	24273	1577759	364098
Sample_186-KA	110083052.0	148.0	79826540.0	72.51	149.63	29912711.0	29857471.0	29697883.0	179384.0	14921.0	20523.0	0.3	0.0	1.32	0.0	1.57	22614889.0	20.54	122714.0	0.11	0.04	3.46	3.34	43970	3803425	3671514
Sample_187-KA	60080545.0	149.0	40982854.0	68.21	149.42	15722478.0	15681311.0	15606068.0	95384.0	8716.0	12310.0	0.27	0.0	1.26	0.0	1.55	14458001.0	24.06	58507.0	0.1	0.04	3.64	3.95	24017	2185518	2371648
Sample_188-KA	46859460.0	300.0	35103789.0	74.91	271.33	30608569.0	30424208.0	30220075.0	239854.0	24342.0	124298.0	0.6	0.04	1.03	0.01	1.47	5137778.0	10.96	261328.0	0.56	0.76	12.59	0.22	356005	5897506	103054
Sample_189-KA	46806804.0	300.0	32879860.0	70.25	274.51	36919826.0	36723199.0	36536756.0	246336.0	22862.0	113872.0	0.48	0.02	1.05	0.0	1.65	7907972.0	16.89	269462.0	0.58	0.62	11.35	0.32	290049	5309759	149702
Sample_19-NS	72995839.0	149.0	54727383.0	74.97	149.41	22096114.0	22037335.0	21902841.0	163007.0	13871.0	16395.0	0.26	0.0	1.3	0.0	1.56	15072834.0	20.65	59165.0	0.08	0.04	2.82	1.43	29244	2061727	1045486
Sample_190-KA	50962322.0	300.0	37931584.0	74.43	269.53	25054137.0	24893338.0	24376368.0	534191.0	24294.0	119284.0	0.62	0.04	1.02	0.01	1.58	4981305.0	9.77	277061.0	0.54	0.81	14.3	0.14	412828	7288191	71353
Sample_191-KA	41565953.0	300.0	29647211.0	71.33	279.96	34854005.0	34718037.0	34535679.0	205845.0	20807.0	91674.0	0.44	0.02	1.07	0.0	1.74	7465773.0	17.96	170410.0	0.41	0.61	9.31	0.38	253627	3870934	157997
Sample_192-KA	47550699.0	300.0	33948258.0	71.39	279.64	40834875.0	40647528.0	40432838.0	258029.0	24398.0	119610.0	0.51	0.02	1.07	0.0	1.58	8753677.0	18.41	200212.0	0.42	0.75	8.69	0.33	356849	4134690	157014
Sample_193-KA	52356736.0	300.0	35310077.0	67.44	273.66	33656636.0	33433347.0	33257733.0	240530.0	27893.0	130480.0	0.61	0.03	1.03	0.0	1.53	9759850.0	18.64	230947.0	0.44	0.76	12.48	0.24	397808	6532430	125624
Sample_194-KA	34817759.0	300.0	26065377.0	74.86	281.7	31046146.0	30909121.0	30714309.0	212760.0	20618.0	98459.0	0.49	0.03	1.05	0.0	1.6	5850958.0	16.8	185138.0	0.53	0.75	6.8	0.25	261181	2368044	87060
Sample_195-KA	55398067.0	300.0	39906078.0	72.04	278.19	44597884.0	44382817.0	44128470.0	303487.0	29292.0	136635.0	0.47	0.02	1.05	0.0	1.61	9362754.0	16.9	316439.0	0.57	0.61	9.59	0.29	338018	5314081	160697
Sample_196-KA	58119921.0	300.0	41144339.0	70.79	284.21	47340148.0	47051321.0	46819598.0	326938.0	27822.0	165790.0	0.47	0.03	1.08	0.0	1.67	11418099.0	19.65	241142.0	0.41	0.67	8.04	0.44	389284	4671408	255649
Sample_197-KA	44181469.0	300.0	30148823.0	68.24	268.53	25755259.0	25576375.0	25412202.0	197963.0	33598.0	111496.0	0.61	0.03	1.02	0.0	1.48	6954038.0	15.74	259317.0	0.59	0.73	14.33	0.38	322415	6329044	167832
Sample_198-SCC	106291596.0	150.0	80273874.0	75.52	149.75	33829511.0	33782280.0	33546568.0	236184.0	22551.0	24208.0	0.32	0.0	1.36	0.0	1.57	14472683.0	13.62	74959.0	0.07	0.04	10.39	0.36	42521	11044869	382690
Sample_199-SCC	93162686.0	149.0	75329866.0	80.86	149.02	31446560.0	31395471.0	31175663.0	227132.0	23133.0	20632.0	0.29	0.0	1.26	0.0	1.54	14939904.0	16.04	79693.0	0.09	0.06	2.09	0.87	55892	1946899	810432
Sample_2-NS	70195900.0	149.0	50738913.0	72.28	149.56	17250422.0	17219205.0	17091522.0	132292.0	12038.0	14570.0	0.31	0.0	1.3	0.0	1.57	16601908.0	23.65	68683.0	0.1	0.06	2.33	1.58	42112	1635341	1108943
Sample_20-NS	118910414.0	149.0	104922461.0	88.24	149.67	21245792.0	21206902.0	21046490.0	162823.0	16262.0	20217.0	0.24	0.0	1.31	0.0	1.64	10561962.0	8.88	239083.0	0.2	0.07	1.59	1.02	83240	1890740	1212928
Sample_200-SCC	92394821.0	149.0	73517858.0	79.57	149.3	28837241.0	28782405.0	28578236.0	215276.0	19971.0	23758.0	0.26	0.0	1.32	0.0	1.52	15338769.0	16.6	78640.0	0.09	0.06	2.45	1.23	55501	2266285	1137768
Sample_201-SCC	68444585.0	149.0	52769042.0	77.1	149.65	23642070.0	23607306.0	23443206.0	170920.0	14179.0	13765.0	0.27	0.0	1.26	0.0	1.63	12837559.0	18.76	64515.0	0.09	0.05	2.43	1.57	34240	1664081	1075147
Sample_202-SCC	98317763.0	148.0	65048320.0	66.16	148.74	22290216.0	22237289.0	22083385.0	166944.0	14756.0	25131.0	0.33	0.0	1.24	0.0	1.55	20011747.0	20.35	156624.0	0.16	0.11	7.05	6.16	108192	6934126	6058754
Sample_203-SCC	76375766.0	149.0	61484780.0	80.5	149.24	25845744.0	25803789.0	25615417.0	188278.0	19920.0	22129.0	0.26	0.0	1.3	0.0	1.5	11650973.0	15.25	84813.0	0.11	0.12	3.29	0.72	91677	2513464	550059
Sample_204-SCC	99756693.0	149.0	68940963.0	69.11	149.44	28146231.0	28091673.0	27915612.0	197418.0	14994.0	18207.0	0.27	0.0	1.24	0.0	1.53	19429836.0	19.48	95396.0	0.1	0.14	10.4	0.77	139759	10382067	768672
Sample_205-SCC	72749930.0	149.0	56990443.0	78.34	149.66	23417432.0	23364210.0	23213065.0	165080.0	16496.0	22791.0	0.28	0.0	1.41	0.0	1.57	13159021.0	18.09	91157.0	0.13	0.06	2.48	0.91	43640	1803793	661876
Sample_206-SCC	88661834.0	150.0	72551021.0	81.83	149.75	31017603.0	30949228.0	30779832.0	197716.0	18421.0	21634.0	0.27	0.0	1.36	0.0	1.6	14241889.0	16.06	77324.0	0.09	0.05	1.64	0.33	44347	1454566	292687
Sample_207-SCC	72583459.0	150.0	59380692.0	81.81	149.95	24917829.0	24871141.0	24701843.0	180947.0	18718.0	16321.0	0.27	0.0	1.37	0.0	1.58	11072016.0	15.25	88575.0	0.12	0.05	2.44	0.33	36209	1766989	238978
Sample_208-SCC	92025597.0	148.0	69884811.0	75.94	149.83	29959042.0	29906043.0	29716527.0	202315.0	19087.0	21113.0	0.23	0.0	1.26	0.0	1.58	18047211.0	19.61	68688.0	0.07	0.05	2.22	2.1	46051	2044679	1934156
Sample_209-SCC	84672158.0	149.0	67365165.0	79.56	149.71	20081542.0	20043059.0	19900824.0	150028.0	15823.0	14867.0	0.24	0.0	1.3	0.0	1.54	13759211.0	16.25	124192.0	0.15	0.05	2.6	1.4	42267	2197860	1183463
Sample_21-NS	125953150.0	149.0	92219473.0	73.22	149.01	21570061.0	21521424.0	21334512.0	189306.0	15697.0	30546.0	0.21	0.0	1.25	0.0	1.63	23451141.0	18.62	395040.0	0.31	0.1	6.62	1.13	125955	8338245	1423296
Sample_210-SCC	66756438.0	149.0	53268016.0	79.79	149.59	22078267.0	22038502.0	21885121.0	159281.0	14407.0	19458.0	0.24	0.0	1.28	0.0	1.53	11456751.0	17.16	68640.0	0.1	0.09	2.33	0.51	60298	1561045	341688
Sample_211-SCC	72686167.0	150.0	60567989.0	83.33	149.89	27634154.0	27569179.0	27424288.0	173920.0	17472.0	18474.0	0.28	0.0	1.29	0.0	1.5	9913575.0	13.64	63081.0	0.09	0.04	2.54	0.36	29136	1850158	262227
Sample_212-SCC	81151652.0	150.0	63475423.0	78.22	149.91	22590994.0	22548983.0	22411822.0	153965.0	12897.0	12310.0	0.29	0.0	1.32	0.0	1.46	15115765.0	18.63	102110.0	0.13	0.04	2.2	0.79	32454	1784943	640957
Sample_213-SCC	79422219.0	150.0	58914284.0	74.18	149.86	19106317.0	19063742.0	18928045.0	147326.0	11800.0	19146.0	0.31	0.0	1.27	0.0	1.57	16536942.0	20.82	144946.0	0.18	0.11	3.13	1.58	87316	2484549	1254181
Sample_214-SCC	82194809.0	150.0	63373648.0	77.1	149.85	26524433.0	26486114.0	26281188.0	202988.0	20420.0	19837.0	0.32	0.0	1.3	0.0	1.55	15130491.0	18.41	104456.0	0.13	0.18	3.43	0.75	148055	2821265	616895
Sample_215-SCC	68112749.0	150.0	54448809.0	79.94	149.7	21731809.0	21701464.0	21523065.0	175490.0	18413.0	14841.0	0.3	0.0	1.31	0.0	1.56	11583730.0	17.01	86759.0	0.13	0.07	2.34	0.52	47625	1592039	353787
Sample_216-SCC	76299359.0	150.0	54506797.0	71.44	149.76	21253963.0	21214387.0	21055195.0	168551.0	13097.0	17120.0	0.31	0.0	1.33	0.0	1.57	17705778.0	23.21	66410.0	0.09	0.12	3.6	1.55	91546	2746366	1182463
Sample_217-SCC	76998525.0	150.0	56934453.0	73.94	149.75	21450002.0	21406042.0	21247227.0	171062.0	14023.0	17690.0	0.29	0.0	1.25	0.0	1.53	16083469.0	20.89	94833.0	0.12	0.17	3.44	1.43	131068	2652192	1102510
Sample_218-SCC	90351603.0	150.0	71236173.0	78.84	149.98	29005685.0	28956997.0	28782434.0	186139.0	17572.0	19540.0	0.22	0.0	1.32	0.0	1.51	15729079.0	17.41	97815.0	0.11	0.03	3.24	0.38	27029	2919139	342368
Sample_219-SCC	114676195.0	147.0	95015919.0	82.86	150.08	40257814.0	40208202.0	39929871.0	278456.0	28146.0	21341.0	0.23	0.0	1.38	0.0	1.55	13234363.0	11.54	71320.0	0.06	0.02	1.96	3.56	22941	2248195	4083457
Sample_22-NS	82653730.0	148.0	55683545.0	67.37	148.74	17460381.0	17431167.0	17303158.0	132292.0	11536.0	13395.0	0.27	0.0	1.21	0.0	1.59	17969954.0	21.74	102702.0	0.12	0.06	4.4	6.3	49614	3638395	5209520
Sample_220-SCC	96225440.0	149.0	74311045.0	77.23	149.62	26972596.0	26922794.0	26744182.0	190957.0	18373.0	19084.0	0.23	0.0	1.28	0.0	1.55	17226026.0	17.9	118431.0	0.12	0.07	3.4	1.27	67489	3278015	1224435
Sample_221-SCC	73786441.0	149.0	62994398.0	85.37	149.79	26910075.0	26868955.0	26648151.0	217714.0	22601.0	21609.0	0.26	0.0	1.44	0.0	1.51	8572291.0	11.62	88132.0	0.12	0.03	2.06	0.79	22204	1524700	584715
Sample_222-SCC	73603189.0	150.0	60190065.0	81.78	149.71	22104552.0	22073176.0	21909811.0	161439.0	17507.0	15795.0	0.33	0.0	1.3	0.0	1.56	11229325.0	15.26	87679.0	0.12	0.06	2.34	0.45	44129	1721025	330966
Sample_223-SCC	100353789.0	150.0	73768840.0	73.51	149.82	29343637.0	29285446.0	29140656.0	169492.0	15204.0	18285.0	0.24	0.0	1.25	0.0	1.57	22035311.0	21.96	115683.0	0.12	0.03	2.99	1.4	30095	2999440	1404420
Sample_224-SCC	59325117.0	150.0	49044189.0	82.67	149.72	21550812.0	21529717.0	21387582.0	135316.0	15184.0	12730.0	0.28	0.0	1.33	0.0	1.58	8567975.0	14.44	57852.0	0.1	0.04	2.48	0.27	23729	1471201	160171
Sample_225-SCC	82978861.0	150.0	62028644.0	74.75	149.86	26330459.0	26296252.0	26124061.0	172822.0	16886.0	16690.0	0.24	0.0	1.29	0.0	1.54	15875500.0	19.13	100000.0	0.12	0.02	4.77	1.2	16610	3961503	996604
Sample_226-SCC	71903011.0	150.0	55417170.0	77.07	149.68	21994544.0	21952002.0	21813196.0	151389.0	14897.0	15062.0	0.25	0.0	1.31	0.0	1.5	13662024.0	19.0	61953.0	0.09	0.04	3.16	0.64	28769	2272784	460311
Sample_227-SCC	86209081.0	150.0	71147087.0	82.53	149.7	29957730.0	29926866.0	29671535.0	242109.0	26185.0	17901.0	0.23	0.0	1.27	0.0	1.52	11378446.0	13.2	65303.0	0.08	0.03	3.65	0.51	25906	3151932	440407
Sample_228-SCC	77831397.0	149.0	64740328.0	83.18	149.51	26294794.0	26259832.0	26054597.0	195517.0	23647.0	21033.0	0.24	0.0	1.28	0.0	1.5	10122973.0	13.01	113507.0	0.15	0.04	3.23	0.39	31198	2519214	304178
Sample_229-SCC	125630221.0	150.0	56143096.0	44.69	149.86	20605086.0	20557886.0	20434698.0	143917.0	13647.0	12824.0	0.25	0.01	1.16	0.0	1.55	40141247.0	31.95	91428.0	0.07	0.05	6.99	16.24	62832	8783875	20407743
Sample_23-NS	154636876.0	148.0	110590615.0	71.52	148.44	20408853.0	20371771.0	20222079.0	156504.0	13451.0	16819.0	0.24	0.0	1.17	0.0	1.58	30240273.0	19.56	534949.0	0.35	0.08	3.84	4.66	123739	5939486	7207814
Sample_230-SCC	74354468.0	148.0	44668011.0	60.07	148.79	12359371.0	12329423.0	12256230.0	84800.0	7596.0	10745.0	0.26	0.0	1.2	0.0	1.55	24987844.0	33.61	137276.0	0.18	0.15	3.17	2.82	111433	2354957	2094946
Sample_231-SCC	74178371.0	149.0	45886188.0	61.86	149.01	19399405.0	19349385.0	19249898.0	125216.0	10552.0	13739.0	0.25	0.0	1.23	0.0	1.54	22692329.0	30.59	66423.0	0.09	0.05	3.97	3.45	37038	2940793	2555601
Sample_232-SCC	100357344.0	149.0	51717649.0	51.53	149.4	17943271.0	17893624.0	17791158.0	128271.0	10706.0	13136.0	0.25	0.01	1.16	0.0	1.53	31094311.0	30.98	73703.0	0.07	0.08	5.97	11.36	80283	5991151	11400247
Sample_233-SCC	76762138.0	148.0	51147439.0	66.63	149.05	17348745.0	17304023.0	17209623.0	116100.0	10371.0	12651.0	0.27	0.0	1.23	0.0	1.54	18420883.0	24.0	67730.0	0.09	0.07	4.92	4.29	53753	3778054	3294279
Sample_234-SCC	86003577.0	149.0	60378795.0	70.2	149.47	25758490.0	25701929.0	25568776.0	160129.0	13454.0	16131.0	0.23	0.0	1.27	0.0	1.57	21892568.0	25.46	77472.0	0.09	0.03	2.57	1.64	25859	2215256	1413627
Sample_235-SCC	122251923.0	149.0	62979683.0	51.52	149.29	23483725.0	23428372.0	23287998.0	164628.0	16271.0	14828.0	0.24	0.01	1.16	0.0	1.51	34790927.0	28.46	100510.0	0.08	0.06	6.29	13.59	73362	7690835	16616605
Sample_236-SCC	116581374.0	148.0	62415041.0	53.54	149.07	20977319.0	20935978.0	20788675.0	152585.0	15725.0	20334.0	0.22	0.01	1.18	0.0	1.5	34782335.0	29.84	115231.0	0.1	0.06	5.45	11.02	69941	6352981	12845845
Sample_237-SCC	109650500.0	149.0	83479602.0	76.13	149.29	29931748.0	29892762.0	29650518.0	236176.0	23684.0	21370.0	0.24	0.0	1.19	0.0	1.38	20583853.0	18.77	124537.0	0.11	0.05	2.91	2.03	54735	3185551	2222223
Sample_238-SCC	83246119.0	149.0	62839453.0	75.49	149.21	26311537.0	26268711.0	26070100.0	201181.0	17917.0	22339.0	0.26	0.0	1.27	0.0	1.56	17220337.0	20.69	67399.0	0.08	0.13	2.65	0.97	108123	2204044	806763
Sample_239-SCC	144406785.0	149.0	102608440.0	71.06	149.22	38822636.0	38765152.0	38472777.0	290360.0	27880.0	31619.0	0.23	0.0	1.24	0.0	1.59	32790560.0	22.71	160631.0	0.11	0.07	2.86	3.2	101028	4127710	4618416
Sample_24-NS	85906383.0	149.0	54544973.0	63.49	149.33	20118874.0	20090168.0	19926724.0	160556.0	15334.0	16260.0	0.28	0.0	1.16	0.0	1.54	25099838.0	29.22	59236.0	0.07	0.11	3.58	3.53	94495	3075397	3032444
Sample_240-SCC	119768555.0	145.0	88749625.0	74.1	149.66	32608185.0	32542636.0	32316149.0	245221.0	23757.0	23058.0	0.25	0.0	1.28	0.0	1.56	19165562.0	16.0	125658.0	0.1	0.06	3.28	6.46	71802	3925193	7730715
Sample_241-SCC	74827335.0	149.0	39729553.0	53.09	149.49	15628545.0	15593772.0	15497593.0	109412.0	10863.0	10677.0	0.27	0.0	1.19	0.0	1.55	25391206.0	33.93	68484.0	0.09	0.06	5.32	7.5	44898	3980951	5612243
Sample_242-SCC	76148954.0	149.0	54661275.0	71.78	149.4	20956848.0	20917614.0	20784843.0	143167.0	13571.0	15267.0	0.28	0.0	1.25	0.0	1.62	17987292.0	23.62	67607.0	0.09	0.05	2.89	1.57	38057	2199719	1195003
Sample_243-SCC	154811487.0	149.0	96982050.0	62.65	149.14	33088319.0	33027391.0	32803472.0	241933.0	20751.0	22163.0	0.24	0.0	1.21	0.0	1.54	40277884.0	26.02	153982.0	0.1	0.06	4.43	6.75	92870	6856872	10447830
Sample_244-SCC	111988984.0	149.0	53011966.0	47.34	149.27	20854471.0	20799255.0	20680942.0	144837.0	12327.0	16365.0	0.27	0.0	1.15	0.0	1.54	33055134.0	29.52	63071.0	0.06	0.07	7.59	15.44	78360	8496467	17283986
Sample_245-SCC	97340061.0	149.0	82005735.0	84.25	149.76	23828480.0	23786485.0	23624055.0	172126.0	16666.0	15633.0	0.27	0.0	1.27	0.0	1.55	11846756.0	12.17	205379.0	0.21	0.06	2.34	0.97	58437	2279029	944726
Sample_246-SCC	70653154.0	149.0	40929539.0	57.93	149.43	17599856.0	17556600.0	17464120.0	116075.0	9753.0	9908.0	0.26	0.0	1.28	0.0	1.53	11259250.0	15.94	34838.0	0.05	0.05	25.0	1.04	35319	17659570	734638
Sample_247-SCC	144044578.0	148.0	118844496.0	82.51	148.43	29002388.0	28914786.0	28760496.0	188262.0	18036.0	35594.0	0.24	0.0	1.27	0.0	1.6	18795903.0	13.05	603117.0	0.42	0.1	2.43	1.49	144305	3506612	2150145
Sample_248-SCC	118955228.0	143.0	89212393.0	75.0	148.72	12074572.0	11928322.0	11846456.0	116491.0	14361.0	97264.0	0.35	0.0	1.33	0.0	1.82	10666083.0	8.97	605208.0	0.51	0.41	6.3	8.82	487658	7493286	10490600
Sample_249-SCC	81350265.0	149.0	61589943.0	75.71	148.95	22267058.0	22220516.0	22086543.0	149631.0	14103.0	16781.0	0.32	0.0	1.21	0.0	1.58	15806332.0	19.43	120518.0	0.15	0.09	3.17	1.46	73096	2574599	1185777
Sample_25-NS	73750314.0	150.0	45852775.0	62.17	149.85	15755819.0	15716839.0	15600106.0	133782.0	8686.0	13245.0	0.27	0.0	1.31	0.0	1.58	18961496.0	25.71	129650.0	0.18	0.08	5.51	6.35	59004	4063922	4683467
Sample_250-SCC	111458478.0	150.0	82928802.0	74.4	149.83	38752285.0	38701129.0	38468664.0	241423.0	24568.0	17630.0	0.31	0.0	1.33	0.0	1.54	23498834.0	21.08	137009.0	0.12	0.23	3.53	0.64	255814	3926189	711830
Sample_251-SCC	140020020.0	149.0	101313278.0	72.36	149.36	42058322.0	41985335.0	41690628.0	304603.0	28769.0	34322.0	0.27	0.0	1.25	0.0	1.51	27087629.0	19.35	255713.0	0.18	0.09	5.08	2.95	125949	7109122	4128329
Sample_252-SCC	127914379.0	149.0	101052430.0	79.0	149.85	40841855.0	40743611.0	40468578.0	323234.0	21348.0	28695.0	0.28	0.0	1.31	0.0	1.49	20426684.0	15.97	170907.0	0.13	0.03	3.02	1.84	38432	3868786	2357141
Sample_253-SCC	196698693.0	150.0	164292245.0	83.52	149.88	70959295.0	70860867.0	70365810.0	501658.0	49373.0	42454.0	0.26	0.0	1.31	0.0	1.45	24872550.0	12.65	137236.0	0.07	0.03	3.24	0.48	59173	6390716	946773
Sample_254-SCC	92009855.0	150.0	68286401.0	74.22	149.74	29142446.0	29087425.0	28910393.0	194143.0	20487.0	17423.0	0.31	0.0	1.28	0.0	1.49	18044398.0	19.61	53786.0	0.06	0.07	5.24	0.8	64447	4824290	736533
Sample_255-SCC	99753968.0	150.0	74412991.0	74.6	150.01	33908906.0	33841498.0	33644402.0	225573.0	17842.0	21089.0	0.25	0.0	1.33	0.0	1.5	20676751.0	20.73	154729.0	0.16	0.03	3.1	1.4	29864	3085969	1393664
Sample_256-SCC	96366097.0	150.0	68987447.0	71.59	149.83	27565024.0	27502931.0	27313980.0	213184.0	16613.0	21247.0	0.28	0.0	1.28	0.0	1.5	20589323.0	21.37	117277.0	0.12	0.08	4.96	1.89	77022	4775378	1819650
Sample_257-SCC	106258557.0	150.0	76956579.0	72.42	149.65	27598149.0	27496219.0	27242558.0	282668.0	20338.0	52585.0	0.36	0.0	1.25	0.0	1.53	21802175.0	20.52	127263.0	0.12	0.33	5.2	1.41	350567	5524093	1497879
Sample_258-SCC	93028164.0	150.0	68997730.0	74.17	149.8	26902382.0	26847064.0	26672240.0	192710.0	15887.0	21545.0	0.26	0.0	1.36	0.0	1.54	17776994.0	19.11	103035.0	0.11	0.04	4.55	2.02	37219	4233637	1879549
Sample_259-SCC	111183191.0	150.0	85566996.0	76.96	149.86	38022771.0	37937296.0	37700377.0	272287.0	24785.0	25322.0	0.28	0.0	1.26	0.0	1.54	20085407.0	18.07	80087.0	0.07	0.05	3.55	1.31	55506	3940935	1454260
Sample_26-NS	157724274.0	150.0	127004679.0	80.52	149.85	47647971.0	47585265.0	47220291.0	363231.0	30364.0	34085.0	0.27	0.0	1.31	0.0	1.51	23364240.0	14.81	117363.0	0.07	0.04	3.24	1.31	63076	5109171	2065745
Sample_260-SCC	87873297.0	149.0	68931979.0	78.44	149.48	29801561.0	29751975.0	29559648.0	202730.0	20663.0	18520.0	0.27	0.0	1.26	0.0	1.51	12382415.0	14.09	73495.0	0.08	0.04	5.7	1.64	35151	5009055	1441202
Sample_261-SCC	101944885.0	150.0	67279990.0	66.0	149.9	29836750.0	29775053.0	29573740.0	216385.0	18956.0	27669.0	0.29	0.0	1.36	0.0	1.61	25885739.0	25.39	83037.0	0.08	0.07	4.97	3.49	71363	5066789	3557967
Sample_262-SCC	105836955.0	149.0	74914437.0	70.78	149.66	36713113.0	36648798.0	36382486.0	279403.0	26979.0	24245.0	0.25	0.0	1.33	0.0	1.51	19808029.0	18.72	132069.0	0.12	0.04	7.67	2.67	42321	8115141	2824958
Sample_263-SCC	138164848.0	149.0	89375472.0	64.69	149.44	36548414.0	36496533.0	36231216.0	261741.0	27759.0	27698.0	0.26	0.0	1.24	0.0	1.53	30011068.0	21.72	167118.0	0.12	0.11	6.91	6.45	151984	9547388	8911817
Sample_264-SCC	125715304.0	150.0	87176664.0	69.34	149.71	36818729.0	36733899.0	36500266.0	270681.0	22406.0	25376.0	0.33	0.0	1.27	0.0	1.51	22471338.0	17.87	105220.0	0.08	0.22	11.0	1.47	276726	13836320	1849036
Sample_265-SCC	47264321.0	152.0	40243209.0	85.15	149.62	5167760.0	5155848.0	5110836.0	47451.0	4805.0	4668.0	0.66	0.01	1.27	0.01	1.6	1791359.0	3.79	43765.0	0.09	0.05	10.86	0.06	23637	5133986	28365
Sample_266-SCC	47981433.0	152.0	41941773.0	87.41	149.94	5743336.0	5732427.0	5671723.0	63246.0	4162.0	4205.0	0.69	0.01	1.26	0.01	1.6	1911749.0	3.98	48571.0	0.1	0.04	8.39	0.07	19197	4026549	33595
Sample_267-SCC	54561145.0	152.0	49198147.0	90.17	149.85	7801863.0	7787207.0	7725756.0	65418.0	6183.0	4506.0	0.7	0.01	1.23	0.01	1.61	2118576.0	3.88	43874.0	0.08	0.05	5.77	0.05	27262	3146024	27262
Sample_268-SCC	58479920.0	150.0	53530632.0	91.54	148.76	22287209.0	22247315.0	22095558.0	156518.0	15098.0	20035.0	0.37	0.01	1.25	0.01	1.29	3450088.0	5.9	26769.0	0.05	0.04	2.41	0.06	23465	1413768	35198
Sample_269-SCC	57817541.0	152.0	51295269.0	88.72	149.52	10573127.0	10550653.0	10478411.0	79619.0	8923.0	6174.0	0.73	0.01	1.24	0.01	1.58	2399181.0	4.15	54759.0	0.09	0.06	6.91	0.07	34673	3993207	40452
Sample_27-NS	47505417.0	152.0	40191675.0	84.6	149.61	4945737.0	4935645.0	4890300.0	47845.0	3782.0	3810.0	0.66	0.01	1.28	0.01	1.6	1674323.0	3.52	42512.0	0.09	0.04	11.69	0.05	19005	5554146	23756
Sample_270-SCC	55607608.0	152.0	49908999.0	89.75	149.66	8439851.0	8423272.0	8363003.0	64667.0	7080.0	5101.0	0.7	0.01	1.23	0.01	1.59	2121900.0	3.82	46350.0	0.08	0.06	6.24	0.04	33410	3474675	22274
Sample_271-SCC	56029410.0	152.0	48564906.0	86.68	150.75	20353604.0	20308186.0	20191792.0	129267.0	14287.0	18258.0	0.37	0.01	1.24	0.01	1.32	5511946.0	9.84	29516.0	0.05	0.07	2.99	0.37	39246	1676354	207442
Sample_272-SCC	56190443.0	152.0	51138748.0	91.01	150.77	19408315.0	19375442.0	19232977.0	143967.0	15568.0	15803.0	0.35	0.01	1.24	0.01	1.36	3426635.0	6.1	56931.0	0.1	0.08	2.51	0.2	44964	1410754	112411
Sample_273-SCC	53036500.0	150.0	47463925.0	89.49	148.81	20287858.0	20252927.0	20137872.0	120966.0	12256.0	16764.0	0.36	0.01	1.23	0.01	1.29	4110999.0	7.75	27890.0	0.05	0.04	2.57	0.09	21240	1364657	47790
Sample_274-SCC	86961943.0	199.0	73702889.0	84.75	198.69	29050319.0	28999984.0	28805614.0	204098.0	19430.0	21177.0	0.22	0.01	1.22	0.01	1.55	9088880.0	10.45	66688.0	0.08	0.1	4.45	0.17	86938	3868753	147795
Sample_275-SCC	84934206.0	198.0	73781641.0	86.87	198.3	41732837.0	41680567.0	41327742.0	337072.0	30388.0	37635.0	0.2	0.01	1.12	0.01	1.58	8284862.0	9.75	63289.0	0.07	0.31	2.88	0.11	263445	2447489	93480
Sample_276-SCC	89575011.0	199.0	77299610.0	86.3	199.32	45152120.0	45089775.0	44778233.0	303373.0	30074.0	40440.0	0.19	0.01	1.27	0.01	1.52	11140858.0	12.44	54720.0	0.06	0.09	1.0	0.12	80317	892416	107090
Sample_277-SCC	85218181.0	198.0	36768093.0	43.15	198.22	16297994.0	16155672.0	16051622.0	123722.0	14792.0	107858.0	0.33	0.01	1.27	0.01	1.53	42371872.0	49.72	91280.0	0.11	0.55	3.84	2.63	469062	3274905	2242969
Sample_278-SCC	84656759.0	198.0	71163363.0	84.06	197.97	37286884.0	37232567.0	36972701.0	253816.0	26627.0	33740.0	0.22	0.01	1.14	0.01	1.52	11366928.0	13.43	61090.0	0.07	0.36	1.8	0.28	304728	1523640	237011
Sample_279-SCC	85981860.0	198.0	78084803.0	90.82	197.64	49779567.0	49725261.0	49392000.0	325905.0	34706.0	26956.0	0.18	0.0	1.09	0.0	1.63	6952987.0	8.09	58143.0	0.07	0.09	0.86	0.09	76667	732593	76667
Sample_28-NS	51205628.0	152.0	44310689.0	86.53	149.82	5740128.0	5729364.0	5678347.0	53344.0	4601.0	3836.0	0.69	0.01	1.22	0.01	1.61	1770171.0	3.46	41116.0	0.08	0.04	9.85	0.04	20478	5042696	20478
Sample_280-SCC	75599723.0	198.0	64787880.0	85.7	198.17	39222209.0	39147304.0	38858721.0	296779.0	26121.0	40588.0	0.2	0.01	1.21	0.0	1.61	9540052.0	12.62	62204.0	0.08	0.25	1.13	0.22	188998	854271	166318
Sample_281-SCC	79394067.0	199.0	68599104.0	86.4	199.39	37644817.0	37591011.0	37342163.0	253574.0	21423.0	27657.0	0.2	0.01	1.27	0.01	1.55	9276826.0	11.68	50243.0	0.06	0.17	1.57	0.11	134888	1245726	87280
Sample_282-SCC	29958459.0	202.0	27788762.0	92.76	200.17	15770938.0	15746768.0	15631872.0	113285.0	11087.0	14694.0	0.68	0.01	1.25	0.01	1.44	1417465.0	4.73	9859.0	0.03	0.29	2.11	0.07	87161	634173	21039
Sample_283-SCC	37296967.0	202.0	29802067.0	79.9	200.41	19964393.0	19932297.0	19799987.0	128779.0	13610.0	22017.0	0.36	0.01	1.21	0.01	1.41	6412020.0	17.19	12804.0	0.03	0.21	2.64	0.02	78298	984321	7457
Sample_284-SCC	33651380.0	202.0	30625738.0	91.01	200.37	18119569.0	18089582.0	17959559.0	125455.0	13321.0	21234.0	0.36	0.01	1.23	0.01	1.44	2283953.0	6.79	14354.0	0.04	0.21	1.9	0.04	71042	642761	13532
Sample_285-SCC	44513383.0	202.0	41707547.0	93.7	200.39	24709338.0	24671411.0	24505079.0	166248.0	17689.0	20322.0	0.36	0.0	1.21	0.01	1.41	2009337.0	4.51	17248.0	0.04	0.1	1.61	0.05	44276	712838	22138
Sample_286-SCC	38628499.0	202.0	35872027.0	92.86	200.37	21742737.0	21707888.0	21547591.0	160205.0	14654.0	20287.0	0.37	0.01	1.22	0.01	1.42	2023636.0	5.24	16455.0	0.04	0.12	1.67	0.07	46218	643202	26961
Sample_287-SCC	42133050.0	200.0	34158924.0	81.07	191.72	21683948.0	21630877.0	21530936.0	116603.0	11093.0	25316.0	1.75	0.0	1.68	0.0	1.71	2149407.0	5.1	19446.0	0.05	0.12	13.58	0.08	50554	5721016	33703
Sample_288-SCC	72329713.0	200.0	50340521.0	69.6	187.99	34319795.0	34227938.0	33984746.0	250415.0	26250.0	58384.0	0.94	0.0	1.69	0.0	1.77	2974186.0	4.11	21572.0	0.03	0.18	26.01	0.07	130191	18812613	50630
Sample_289-SCC	56327327.0	100.0	50170579.0	89.07	98.72	11270023.0	11221698.0	11188275.0	67451.0	6735.0	7562.0	0.34	0.0	1.42	0.0	1.24	4489827.0	7.97	41720.0	0.07	0.0	2.7	0.18	0	1523626	101575
Sample_29-NS	46700217.0	152.0	39869106.0	85.37	149.62	5177837.0	5166914.0	5116369.0	53821.0	3954.0	3693.0	0.65	0.01	1.27	0.01	1.62	1672735.0	3.58	37594.0	0.08	0.04	10.88	0.05	18672	5078770	23340
Sample_290-SCC	43724877.0	200.0	40755423.0	93.21	198.35	24030770.0	24003373.0	23836118.0	156335.0	16141.0	22176.0	0.35	0.01	1.22	0.01	1.39	1637422.0	3.74	14218.0	0.03	0.18	2.79	0.03	79069	1225567	13178
Sample_291-SCC	37882357.0	200.0	34429892.0	90.89	198.51	18037707.0	18010504.0	17883838.0	120821.0	13124.0	19924.0	0.37	0.01	1.25	0.01	1.45	1364750.0	3.6	14696.0	0.04	0.25	5.18	0.05	94572	1959533	18914
Sample_292-SCC	25269263.0	200.0	23758295.0	94.02	198.78	14706319.0	14681988.0	14588991.0	85064.0	9861.0	22403.0	0.22	0.01	1.19	0.01	1.42	1189948.0	4.71	5486.0	0.02	0.23	0.98	0.04	58058	247379	10097
Sample_293-SCC	31952775.0	200.0	27551986.0	86.23	198.29	17116224.0	17075454.0	16964267.0	107872.0	10018.0	34067.0	0.41	0.01	1.24	0.01	1.51	2029944.0	6.35	9277.0	0.03	0.74	6.53	0.12	236476	2086744	38348
Sample_294-SCC	37776923.0	200.0	34043971.0	90.12	198.36	19911941.0	19874998.0	19739672.0	130322.0	13502.0	28445.0	0.38	0.01	1.22	0.01	1.46	1894769.0	5.02	16116.0	0.04	0.59	4.16	0.08	222571	1569317	30179
Sample_295-SCC	32782397.0	200.0	28979665.0	88.4	198.46	17742552.0	17718313.0	17609236.0	104473.0	11684.0	17159.0	0.37	0.01	1.21	0.01	1.45	1468006.0	4.48	7793.0	0.02	0.46	6.59	0.05	150759	2159787	16387
Sample_296-SCC	32511634.0	200.0	29304388.0	90.14	198.5	16803011.0	16776493.0	16658796.0	113666.0	12414.0	18135.0	0.36	0.01	1.24	0.01	1.39	1434474.0	4.41	10973.0	0.03	0.19	5.18	0.05	61760	1683786	16253
Sample_297-SCC	31959055.0	200.0	12969438.0	40.58	197.49	5327964.0	5288664.0	5260707.0	40504.0	3870.0	22883.0	0.56	0.01	1.67	0.01	1.52	15477896.0	48.43	24679.0	0.08	0.02	10.84	0.06	6387	3461496	19160
Sample_298-SCC	33592904.0	194.0	30639949.0	91.21	193.56	18154493.0	18125858.0	18014424.0	109593.0	12620.0	17856.0	0.36	0.01	1.2	0.01	1.51	2597487.0	7.73	11931.0	0.04	0.09	0.81	0.12	30312	272809	40416
Sample_299-SCC	35760190.0	195.0	33066449.0	92.47	194.61	17866770.0	17836123.0	17720236.0	119377.0	12333.0	14824.0	0.21	0.01	1.2	0.01	1.41	2426209.0	6.78	14684.0	0.04	0.04	0.62	0.05	14245	220797	17806
Sample_3-NS	80283884.0	150.0	62136183.0	77.4	149.89	26865012.0	26822216.0	26627754.0	208143.0	13884.0	15231.0	0.26	0.0	1.33	0.0	1.62	15641054.0	19.48	44792.0	0.06	0.03	2.23	0.81	24057	1788253	649545
Sample_30-NS	55994868.0	152.0	50056099.0	89.39	149.5	7129195.0	7114187.0	7054868.0	63516.0	5902.0	4909.0	0.71	0.01	1.2	0.01	1.57	2101481.0	3.75	50561.0	0.09	0.06	6.66	0.04	33610	3730710	22407
Sample_300-SCC	38320836.0	195.0	35910705.0	93.71	194.36	21077134.0	21031790.0	20885784.0	156961.0	14358.0	20031.0	0.21	0.01	1.19	0.01	1.43	2031190.0	5.3	16433.0	0.04	0.09	0.8	0.06	34343	305270	22895
Sample_301-SCC	45432113.0	202.0	37013188.0	81.47	198.1	18435089.0	18412128.0	18282630.0	130040.0	11749.0	10670.0	0.26	0.0	1.17	0.0	1.6	6945570.0	15.29	52536.0	0.12	0.1	2.96	0.07	45394	1343650	31776
Sample_302-SCC	45206127.0	202.0	23336147.0	51.62	198.84	10961945.0	10949911.0	10861965.0	85416.0	7375.0	7189.0	0.26	0.01	1.18	0.01	1.63	5135858.0	11.36	34454.0	0.08	0.17	36.7	0.08	76832	16586680	36156
Sample_303-SCC	52934118.0	202.0	44247822.0	83.59	198.75	14940204.0	14919796.0	14797118.0	123271.0	10756.0	9059.0	0.26	0.01	1.19	0.01	1.58	6537069.0	12.35	54916.0	0.1	0.22	3.64	0.1	116351	1925074	52887
Sample_304-SCC	42450514.0	202.0	30670955.0	72.25	198.05	12175320.0	12156338.0	12085543.0	77859.0	6252.0	5666.0	0.26	0.01	1.18	0.01	1.57	10189476.0	24.0	40630.0	0.1	0.07	3.47	0.11	29716	1473042	46696
Sample_305-SCC	45602641.0	202.0	9453251.0	20.73	198.34	2121109.0	2104751.0	2092969.0	20162.0	1454.0	6524.0	0.32	0.02	1.05	0.01	1.56	32886829.0	72.12	32538.0	0.07	0.17	5.82	1.09	77557	2655188	497278
Sample_306-SCC	49680113.0	202.0	40131641.0	80.78	197.9	14560442.0	14539929.0	14439546.0	100018.0	10282.0	10596.0	0.27	0.01	1.17	0.01	1.59	7848781.0	15.8	66641.0	0.13	0.1	3.08	0.11	49637	1528813	54600
Sample_307-SCC	48627034.0	202.0	10466750.0	21.52	198.77	2808902.0	2800459.0	2784137.0	18574.0	1506.0	4685.0	0.3	0.01	1.06	0.01	1.48	34027986.0	69.98	26137.0	0.05	0.13	7.12	1.2	63172	3459866	583123
Sample_308-SCC	55935751.0	202.0	21922238.0	39.19	197.7	6958187.0	6943806.0	6899372.0	48617.0	4306.0	5892.0	0.27	0.01	1.09	0.01	1.54	30811323.0	55.08	47590.0	0.09	0.12	4.44	1.08	67119	2483409	604072
Sample_309-SCC	52985659.0	202.0	21961235.0	41.45	198.68	5938731.0	5928581.0	5857619.0	72880.0	3937.0	4295.0	0.27	0.01	1.22	0.01	1.62	28220528.0	53.26	38293.0	0.07	0.06	4.71	0.44	31850	2500190	233563
Sample_31-NS	52530080.0	152.0	47448690.0	90.33	150.07	5977463.0	5965846.0	5917884.0	50771.0	5055.0	3753.0	0.69	0.01	1.22	0.01	1.57	1914627.0	3.64	40440.0	0.08	0.04	5.86	0.04	21053	3084218	21053
Sample_310-SCC	81733352.0	198.0	71498891.0	87.48	198.34	22535077.0	22493146.0	22337934.0	164759.0	15314.0	17070.0	0.2	0.01	1.23	0.01	1.51	8679003.0	10.62	89206.0	0.11	0.14	1.51	0.14	114679	1236894	114679
Sample_311-SCC	89231424.0	198.0	81675972.0	91.53	197.89	26778487.0	26737843.0	26558301.0	186367.0	18713.0	15106.0	0.18	0.01	1.23	0.01	1.52	6643757.0	7.45	107129.0	0.12	0.05	0.76	0.09	44698	679411	80457
Sample_312-SCC	88484655.0	199.0	78316255.0	88.51	198.87	33841669.0	33783382.0	33548042.0	240935.0	23812.0	28880.0	0.18	0.01	1.28	0.01	1.54	8481874.0	9.59	129080.0	0.15	0.07	1.54	0.14	62298	1370552	124596
Sample_313-SCC	87481654.0	199.0	69498752.0	79.44	198.61	33954544.0	33887033.0	33630168.0	252893.0	20788.0	50695.0	0.25	0.01	1.22	0.01	1.5	14844006.0	16.97	121920.0	0.14	0.67	2.59	0.19	585905	2264918	166152
Sample_314-SCC	86102808.0	198.0	75899512.0	88.15	197.73	35869858.0	35798148.0	35562563.0	236143.0	29803.0	41349.0	0.21	0.01	1.19	0.01	1.5	8805547.0	10.23	244336.0	0.28	0.25	0.96	0.13	215189	826326	111898
Sample_315-SCC	156358440.0	199.0	118793373.0	75.98	199.09	70784148.0	70662289.0	70265982.0	373615.0	48807.0	95744.0	0.17	0.01	1.23	0.01	1.53	33796830.0	21.61	672678.0	0.43	0.14	1.59	0.24	219989	2498446	377124
Sample_316-SCC	81961314.0	199.0	70114629.0	85.55	198.94	38913281.0	38830529.0	38566491.0	287957.0	24844.0	33989.0	0.18	0.0	1.18	0.01	1.53	10498602.0	12.81	105763.0	0.13	0.15	1.28	0.09	122597	1046164	73558
Sample_317-SCC	89393624.0	199.0	76869437.0	85.99	199.09	46334323.0	46256243.0	45994839.0	281899.0	29291.0	28294.0	0.17	0.01	1.24	0.01	1.47	11072954.0	12.39	122660.0	0.14	0.07	1.33	0.08	62838	1193920	71815
Sample_318-SCC	54224096.0	200.0	49028990.0	90.42	198.54	35769915.0	35721186.0	35448767.0	254929.0	30787.0	35432.0	0.33	0.0	1.42	0.01	1.6	3779754.0	6.97	12883.0	0.02	0.1	2.41	0.08	54149	1305000	43320
Sample_319-SCC	33938959.0	200.0	27422345.0	80.8	192.07	3128792.0	3095140.0	3075425.0	35550.0	4264.0	13553.0	0.48	0.02	1.28	0.01	1.8	1846749.0	5.44	22089.0	0.07	0.23	13.13	0.33	78085	4457655	112036
Sample_32-NS	44007544.0	152.0	39903294.0	90.67	150.79	15608672.0	15581171.0	15470539.0	112541.0	10306.0	15286.0	0.37	0.01	1.26	0.01	1.31	2809777.0	6.38	19243.0	0.04	0.09	2.67	0.13	39713	1178154	57363
Sample_320-SCC	40825151.0	200.0	35581944.0	87.16	193.97	3856915.0	3828852.0	3797872.0	42170.0	4633.0	12240.0	0.38	0.01	1.37	0.01	1.7	946002.0	2.32	21518.0	0.05	0.12	10.22	0.14	48958	4169611	57118
Sample_321-SCC	38255289.0	200.0	30951337.0	80.91	192.35	1581446.0	1544696.0	1536062.0	27776.0	3689.0	13919.0	0.5	0.02	1.35	0.01	1.76	1836598.0	4.8	15450.0	0.04	0.18	12.98	1.09	68866	4966015	417023
Sample_322-SCC	38009139.0	200.0	32721568.0	86.09	198.54	20857850.0	20822738.0	20665439.0	158904.0	13285.0	20222.0	0.32	0.01	1.48	0.01	1.63	4172685.0	10.98	14931.0	0.04	0.08	2.74	0.07	30449	1042864	26643
Sample_323-SCC	35558520.0	200.0	30735368.0	86.44	198.4	19843662.0	19805169.0	19684493.0	124797.0	12835.0	21537.0	0.32	0.01	1.47	0.01	1.52	3505752.0	9.86	13266.0	0.04	0.06	3.52	0.09	21321	1250832	31981
Sample_324-SCC	38682258.0	200.0	34034521.0	87.98	198.37	22542055.0	22506745.0	22349058.0	155231.0	15001.0	22765.0	0.32	0.01	1.42	0.01	1.64	3512096.0	9.08	13760.0	0.04	0.06	2.78	0.06	23211	1075458	23211
Sample_325-SCC	38575602.0	200.0	32727313.0	84.84	198.48	21327540.0	21287676.0	21165841.0	125483.0	12073.0	24143.0	0.33	0.0	1.47	0.0	1.51	4672757.0	12.11	16469.0	0.04	0.06	2.82	0.13	23104	1085900	50059
Sample_326-SCC	39353200.0	200.0	34723711.0	88.24	198.5	22693676.0	22659245.0	22503423.0	151952.0	16433.0	21868.0	0.34	0.0	1.36	0.01	1.54	3353803.0	8.52	10552.0	0.03	0.07	3.07	0.07	27589	1209957	27589
Sample_327-SCC	51116412.0	200.0	42939015.0	84.0	198.51	29354384.0	29308126.0	29119036.0	187695.0	19794.0	27859.0	0.32	0.0	1.39	0.01	1.52	6778244.0	13.26	21667.0	0.04	0.07	2.55	0.08	35713	1300959	40814
Sample_328-SCC	34202460.0	200.0	29237505.0	85.48	193.49	3333517.0	3307699.0	3281539.0	36213.0	5179.0	10586.0	0.42	0.02	1.3	0.01	1.73	1001340.0	2.93	18120.0	0.05	0.15	11.19	0.2	51285	3825831	68379
Sample_329-SCC	36140170.0	200.0	30948798.0	85.64	198.42	22093865.0	22057134.0	21919785.0	138382.0	12491.0	23207.0	0.33	0.0	1.4	0.0	1.52	4111441.0	11.38	14000.0	0.04	0.06	2.74	0.14	21754	993419	50759
Sample_33-NS	57087087.0	152.0	53021105.0	92.88	150.82	21083014.0	21050139.0	20913297.0	139373.0	13607.0	16737.0	0.33	0.01	1.25	0.01	1.38	2880193.0	5.05	25910.0	0.05	0.04	1.92	0.07	22855	1097028	39996
Sample_330-SCC	61881431.0	200.0	54331550.0	87.8	198.65	34888919.0	34840885.0	34652223.0	182210.0	23806.0	30680.0	0.26	0.01	1.33	0.0	1.5	6418202.0	10.37	15428.0	0.02	0.05	1.72	0.03	31007	1066640	18604
Sample_331-SCC	68147308.0	200.0	61420673.0	90.13	198.5	39299531.0	39227462.0	39002071.0	225144.0	25599.0	46717.0	0.3	0.0	1.36	0.01	1.64	5119731.0	7.51	18171.0	0.03	0.07	2.08	0.18	47730	1418268	122735
Sample_332-SCC	62477107.0	200.0	55868490.0	89.42	198.39	34875369.0	34814607.0	34601687.0	209620.0	23198.0	40864.0	0.29	0.01	1.41	0.01	1.59	4978272.0	7.97	22839.0	0.04	0.07	2.41	0.1	43615	1501585	62306
Sample_333-SCC	48985348.0	200.0	43463932.0	88.73	198.37	25988283.0	25935068.0	25782301.0	157924.0	16789.0	31269.0	0.29	0.01	1.38	0.01	1.61	4234202.0	8.64	18676.0	0.04	0.07	2.42	0.1	34285	1185275	48978
Sample_334-SCC	58754192.0	200.0	52795057.0	89.86	198.53	37076603.0	37035121.0	36782062.0	235135.0	31256.0	28150.0	0.27	0.0	1.34	0.01	1.59	4846411.0	8.25	18237.0	0.03	0.07	1.76	0.03	41190	1035644	17653
Sample_335-SCC	54071120.0	200.0	48591645.0	89.87	198.58	33883756.0	33842078.0	33587292.0	238837.0	30396.0	27231.0	0.28	0.0	1.36	0.01	1.58	4469124.0	8.27	18359.0	0.03	0.05	1.74	0.04	27104	943206	21683
Sample_336-SCC	59296153.0	200.0	54026657.0	91.11	198.53	35426972.0	35383611.0	35142134.0	228452.0	23936.0	32450.0	0.28	0.01	1.4	0.01	1.67	4120159.0	6.95	14050.0	0.02	0.06	1.83	0.03	35478	1082070	17739
Sample_337-SCC	60657365.0	200.0	54255872.0	89.45	198.5	38839024.0	38784818.0	38517871.0	258609.0	28374.0	34170.0	0.28	0.0	1.39	0.01	1.6	5206453.0	8.58	15419.0	0.03	0.07	1.8	0.08	42345	1088881	48395
Sample_338-SCC	55326466.0	300.0	38400971.0	69.41	273.81	42975933.0	42768784.0	42483016.0	319477.0	26964.0	146476.0	0.46	0.02	1.03	0.0	1.53	9558801.0	17.28	268249.0	0.48	0.85	11.74	0.24	470279	6495381	132785
Sample_339-SCC	51433691.0	300.0	37805824.0	73.5	278.98	44404730.0	44224758.0	43976076.0	289100.0	31025.0	108529.0	0.42	0.02	1.06	0.0	1.58	8845752.0	17.2	224644.0	0.44	0.49	8.03	0.34	252050	4130530	174892
Sample_34-NS	84053413.0	200.0	74722671.0	88.9	199.34	29760910.0	29655423.0	29410281.0	235767.0	23167.0	91695.0	0.23	0.01	1.29	0.01	1.69	6903044.0	8.21	142552.0	0.17	0.35	2.04	0.33	294045	1713860	277242
Sample_340-SCC	44057615.0	300.0	30960727.0	70.27	279.08	34475809.0	34324724.0	34114576.0	238643.0	22657.0	99933.0	0.41	0.02	1.06	0.0	1.65	8494247.0	19.28	187405.0	0.43	0.56	9.19	0.27	246760	4049503	118973
Sample_341-SCC	40314333.0	300.0	28333711.0	70.28	274.25	28550275.0	28392923.0	28242018.0	200252.0	20746.0	87259.0	0.61	0.03	1.04	0.0	1.6	6905034.0	17.13	196791.0	0.49	0.76	11.04	0.3	306437	4451398	120962
Sample_342-SCC	38541031.0	300.0	28179571.0	73.12	270.66	26912630.0	26794070.0	26590725.0	220480.0	25412.0	76013.0	0.61	0.03	1.02	0.0	1.53	4925779.0	12.78	208748.0	0.54	0.86	12.37	0.32	331746	4771746	123440
Sample_343-SCC	57831608.0	300.0	39444882.0	68.21	269.5	42378749.0	42153586.0	41908805.0	328330.0	34484.0	107130.0	0.59	0.02	1.02	0.0	1.56	9233516.0	15.97	247966.0	0.43	0.77	14.38	0.24	445552	8320819	138873
Sample_344-SCC	49599617.0	300.0	34543966.0	69.65	267.63	31662116.0	31464713.0	31241935.0	273719.0	27136.0	119326.0	0.66	0.03	1.02	0.0	1.51	6503724.0	13.11	292893.0	0.59	0.79	15.62	0.25	391635	7743464	123935
Sample_345-SCC	53106108.0	300.0	38250465.0	72.03	275.7	38260881.0	38054999.0	37827852.0	287208.0	27837.0	117984.0	0.6	0.03	1.03	0.0	1.6	8453932.0	15.92	248961.0	0.47	0.77	10.57	0.24	409121	5616111	127518
Sample_346-SCC	63604193.0	300.0	46117920.0	72.51	275.31	46784941.0	46562929.0	46271265.0	326736.0	38953.0	147987.0	0.59	0.03	1.04	0.0	1.65	9891419.0	15.55	325977.0	0.51	0.76	10.43	0.24	483320	6632930	152627
Sample_347-SCC	40235408.0	300.0	29272955.0	72.75	269.59	23944473.0	23805653.0	23624712.0	219145.0	19584.0	81032.0	0.63	0.03	1.02	0.0	1.58	5202314.0	12.93	228413.0	0.57	0.76	12.81	0.18	305754	5153557	72415
Sample_348-SCC	4034004.0	202.0	2300648.0	57.03	196.11	1176400.0	1164197.0	1157644.0	9671.0	1512.0	7573.0	1.64	0.04	1.97	0.03	1.9	178796.0	4.43	4818.0	0.12	0.1	38.01	0.3	4035	1533603	12104
Sample_349-SCC	3607039.0	202.0	2245993.0	62.27	196.0	1074404.0	1062235.0	1057746.0	8213.0	575.0	7870.0	1.6	0.05	1.94	0.04	1.96	147433.0	4.09	5086.0	0.14	0.16	33.02	0.33	5770	1190855	11901
Sample_35-NS	84496094.0	200.0	77791661.0	92.07	199.63	27704347.0	27641527.0	27418676.0	212293.0	23123.0	50255.0	0.23	0.01	1.3	0.01	1.74	4949565.0	5.86	85299.0	0.1	0.17	1.69	0.12	143347	1425036	101186
Sample_350-SCC	3871152.0	202.0	2362392.0	61.03	195.71	1262489.0	1250975.0	1237642.0	11676.0	778.0	12393.0	1.62	0.04	1.89	0.04	1.95	155847.0	4.03	5184.0	0.13	0.2	34.35	0.26	7743	1329919	10066
Sample_351-SCC	3205743.0	202.0	1861669.0	58.07	195.48	829320.0	820016.0	814249.0	7757.0	549.0	6765.0	1.52	0.05	1.92	0.04	1.88	86690.0	2.7	3030.0	0.09	0.17	38.81	0.15	5450	1244096	4808
Sample_352-SCC	6466273.0	202.0	4400981.0	68.06	194.28	2242266.0	2230519.0	2214377.0	17025.0	1314.0	9550.0	2.47	0.03	2.0	0.02	1.83	239892.0	3.71	3958.0	0.06	0.19	27.78	0.2	12285	1796225	12932
Sample_353-SCC	3559927.0	202.0	2298642.0	64.57	195.72	1137364.0	1123999.0	1113498.0	11963.0	756.0	11147.0	1.57	0.05	1.9	0.04	1.9	135220.0	3.8	5506.0	0.15	0.26	30.94	0.28	9255	1101337	9967
Sample_354-SCC	3374345.0	202.0	2105112.0	62.39	195.44	1035574.0	1024595.0	1017559.0	9495.0	771.0	7749.0	1.51	0.05	1.83	0.05	1.96	140258.0	4.16	3493.0	0.1	0.2	32.95	0.2	6750	1111983	6750
Sample_355-SCC	5857205.0	202.0	2993744.0	51.11	191.45	1397228.0	1385191.0	1375303.0	12230.0	1163.0	8532.0	1.7	0.04	1.95	0.04	1.92	198645.0	3.39	5795.0	0.1	0.09	45.12	0.18	5272	2643204	10545
Sample_356-SCC	4142479.0	202.0	2561593.0	61.84	195.23	1387632.0	1371695.0	1346910.0	17975.0	940.0	21807.0	1.59	0.06	1.96	0.05	2.05	171013.0	4.13	4440.0	0.11	0.34	33.4	0.19	14083	1383480	7870
Sample_357-SCC	3656350.0	202.0	2133495.0	58.35	195.89	1024254.0	1011671.0	1006788.0	9070.0	637.0	7759.0	1.6	0.05	1.98	0.04	1.96	150490.0	4.12	3792.0	0.1	0.17	37.0	0.26	6216	1352851	9507
Sample_358-BCC	45995456.0	196.0	43833014.0	95.3	195.85	24500670.0	24466430.0	24287392.0	174562.0	19795.0	18921.0	0.16	0.01	1.19	0.01	1.44	1746124.0	3.8	20392.0	0.04	0.06	0.75	0.04	27948	349346	18632
Sample_359-BCC	8478560.0	202.0	4345917.0	51.26	194.09	2114988.0	2104124.0	2091456.0	15907.0	1427.0	6198.0	2.38	0.03	1.95	0.03	1.88	292210.0	3.45	4253.0	0.05	0.69	44.46	0.09	58509	3770039	7632
Sample_36-NS	83001751.0	200.0	77190983.0	93.0	199.53	23619298.0	23574156.0	23385602.0	181271.0	19182.0	33243.0	0.22	0.01	1.28	0.01	1.7	4519814.0	5.45	79227.0	0.1	0.12	1.24	0.11	98916	1022137	90673
Sample_360-BCC	5741611.0	202.0	3988301.0	69.46	194.33	1869681.0	1858670.0	1847840.0	14754.0	1605.0	5482.0	2.33	0.03	1.95	0.03	1.8	190594.0	3.32	6356.0	0.11	0.17	26.77	0.17	9760	1536841	9760
Sample_361-BCC	6404721.0	202.0	4472195.0	69.83	194.19	2117729.0	2106194.0	2092917.0	16730.0	1628.0	6454.0	2.39	0.03	1.93	0.03	1.86	197273.0	3.08	5157.0	0.08	0.18	26.73	0.1	11530	1712161	6405
Sample_362-BCC	6500640.0	202.0	4436961.0	68.25	194.29	2051461.0	2037369.0	2027150.0	16347.0	1525.0	6439.0	2.34	0.03	1.96	0.02	1.82	212556.0	3.27	6026.0	0.09	0.17	28.03	0.19	11048	1821700	12348
Sample_363-BCC	6686058.0	202.0	4536240.0	67.85	194.21	1994937.0	1984017.0	1969019.0	16894.0	1381.0	7643.0	2.42	0.03	2.04	0.03	1.9	194680.0	2.91	4314.0	0.06	0.2	28.87	0.11	13371	1930099	7354
Sample_364-BCC	5788673.0	202.0	3980278.0	68.76	194.25	1899926.0	1889338.0	1878811.0	13984.0	1416.0	5715.0	2.38	0.03	1.96	0.03	1.86	185497.0	3.2	4310.0	0.07	0.17	27.66	0.13	9841	1601221	7526
Sample_365-BCC	6258561.0	202.0	4299077.0	68.69	194.3	1960367.0	1949024.0	1936663.0	15616.0	1468.0	6620.0	2.35	0.03	1.92	0.03	1.86	192270.0	3.07	6169.0	0.1	0.21	27.77	0.16	13142	1737890	10013
Sample_366-BCC	5647546.0	202.0	3968583.0	70.27	194.35	1733105.0	1723130.0	1713169.0	13150.0	1122.0	5664.0	2.31	0.03	1.88	0.03	1.9	178621.0	3.16	4793.0	0.08	0.26	26.07	0.16	14679	1471837	9033
Sample_367-BCC	6059977.0	202.0	4157889.0	68.61	194.15	2026764.0	2016213.0	2004694.0	14318.0	1286.0	6466.0	2.4	0.03	1.86	0.03	1.82	192181.0	3.17	4268.0	0.07	0.17	27.85	0.12	10304	1688061	7274
Sample_368-BCC	7187642.0	202.0	4608850.0	64.12	193.96	2204066.0	2190083.0	2171797.0	20595.0	1534.0	10140.0	2.4	0.03	1.99	0.02	1.88	246614.0	3.43	4984.0	0.07	0.21	31.83	0.33	15098	2288371	23725
Sample_369-BCC	7419135.0	202.0	4921230.0	66.33	193.87	2315227.0	2299714.0	2272702.0	24256.0	1588.0	16681.0	2.4	0.03	1.92	0.03	1.87	297909.0	4.02	7491.0	0.1	0.41	28.75	0.38	30431	2133870	28204
Sample_37-NS	85348760.0	200.0	66652845.0	78.09	199.13	14423687.0	14133241.0	13984281.0	156969.0	25314.0	257123.0	0.31	0.01	1.43	0.01	2.05	12612349.0	14.78	310124.0	0.36	1.02	5.2	0.55	869854	4434549	469039
Sample_370-BCC	7162488.0	202.0	4718390.0	65.88	194.28	2441388.0	2424045.0	2397794.0	26901.0	1622.0	15071.0	2.27	0.03	1.87	0.03	1.94	310867.0	4.34	6136.0	0.09	0.4	29.03	0.27	28648	2079110	19337
Sample_371-BCC	6755508.0	202.0	4589926.0	67.94	194.24	2090916.0	2080181.0	2067491.0	15354.0	1603.0	6468.0	2.43	0.03	2.02	0.03	1.96	238286.0	3.53	5768.0	0.09	0.18	28.05	0.21	12162	1895178	14188
Sample_372-BCC	6121208.0	202.0	4315961.0	70.51	194.32	1994588.0	1982376.0	1970188.0	15821.0	1596.0	6983.0	2.32	0.03	1.96	0.03	1.85	192238.0	3.14	4383.0	0.07	0.25	25.88	0.15	15303	1584142	9182
Sample_373-BCC	6653210.0	202.0	4357844.0	65.5	194.1	2178838.0	2168003.0	2154763.0	15133.0	1573.0	7369.0	2.44	0.03	1.96	0.03	1.95	225943.0	3.4	4958.0	0.07	0.24	30.67	0.13	15962	2039856	8646
Sample_374-BCC	8483708.0	202.0	4881677.0	57.54	192.4	2584421.0	2560431.0	2525872.0	33977.0	1513.0	23059.0	2.58	0.02	1.8	0.02	1.94	602823.0	7.11	3472.0	0.04	0.65	34.02	0.65	55131	2885474	55131
Sample_375-BCC	6343185.0	202.0	4546598.0	71.68	194.19	2132383.0	2119436.0	2102505.0	18246.0	1729.0	9903.0	2.35	0.03	1.86	0.03	1.84	218299.0	3.44	6451.0	0.1	0.39	24.17	0.22	24738	1533144	13955
Sample_376-BCC	6518943.0	202.0	4439328.0	68.1	193.96	2035612.0	2020242.0	1988087.0	24756.0	2630.0	20139.0	2.37	0.03	1.89	0.03	1.84	293247.0	4.5	6239.0	0.1	0.4	26.54	0.36	26082	1730572	23474
Sample_377-BCC	6514163.0	202.0	4439120.0	68.15	194.25	2067862.0	2056396.0	2044004.0	15323.0	1385.0	7150.0	2.41	0.03	1.93	0.02	1.88	194718.0	2.99	4410.0	0.07	0.19	28.47	0.14	12376	1854420	9119
Sample_378-BCC	6877254.0	202.0	4600962.0	66.9	194.09	2308476.0	2296775.0	2282108.0	17042.0	1734.0	7592.0	2.43	0.03	1.95	0.03	1.92	207614.0	3.02	6056.0	0.09	0.19	29.63	0.17	13068	2037862	11692
Sample_379-BCC	6316200.0	202.0	4332655.0	68.6	194.4	2115798.0	2099751.0	2082257.0	19441.0	1773.0	12327.0	2.22	0.03	1.89	0.03	1.91	259301.0	4.11	6699.0	0.11	0.37	26.55	0.27	23372	1677117	17055
Sample_38-NS	75055651.0	200.0	65631178.0	87.44	199.45	29012272.0	28954100.0	28712632.0	232953.0	22900.0	43787.0	0.27	0.01	1.2	0.01	1.6	8167060.0	10.88	73607.0	0.1	0.14	1.28	0.15	105562	965141	113102
Sample_380-BCC	5311010.0	202.0	3670421.0	69.11	194.3	1734995.0	1724570.0	1711621.0	14981.0	1320.0	7073.0	2.4	0.03	1.96	0.03	1.9	174326.0	3.28	5235.0	0.1	0.23	27.09	0.2	12211	1438199	10618
Sample_381-BCC	4243718.0	202.0	2512478.0	59.2	195.66	1028615.0	1014973.0	1009423.0	10314.0	921.0	7957.0	1.44	0.06	1.98	0.05	1.95	133626.0	3.15	9242.0	0.22	0.17	36.87	0.39	7214	1564608	16550
Sample_382-BCC	3772800.0	202.0	2056056.0	54.5	195.32	936889.0	926486.0	919217.0	9685.0	642.0	7345.0	1.54	0.05	1.99	0.05	1.97	109976.0	2.91	4551.0	0.12	0.14	42.11	0.21	5283	1589010	7924
Sample_383-BCC	4350506.0	202.0	2559735.0	58.84	195.52	1149567.0	1137106.0	1127927.0	10213.0	698.0	10729.0	1.58	0.05	1.96	0.04	1.91	164377.0	3.78	7102.0	0.16	0.23	36.62	0.37	10006	1593188	16097
Sample_39-NS	84967051.0	200.0	71613371.0	84.28	199.09	21661140.0	21460082.0	21277272.0	187411.0	21377.0	175080.0	0.31	0.01	1.26	0.01	1.8	9092994.0	10.7	269787.0	0.32	0.66	3.33	0.71	560424	2827594	602880
Sample_4-NS	73921951.0	150.0	59161611.0	80.03	150.09	21153577.0	21122023.0	20966639.0	158628.0	13638.0	14672.0	0.26	0.0	1.37	0.0	1.59	12859969.0	17.4	99660.0	0.13	0.04	2.03	0.37	29520	1498133	273059
Sample_40-NS	88168626.0	199.0	65014646.0	73.74	198.98	20717219.0	20425353.0	20248250.0	174548.0	23090.0	271331.0	0.33	0.01	1.25	0.01	1.94	17785703.0	20.17	237405.0	0.27	1.0	4.24	0.58	881593	3737955	511324
Sample_41-NS	82382908.0	199.0	73527979.0	89.25	198.81	33644168.0	33576508.0	33324928.0	245494.0	26312.0	47434.0	0.21	0.01	1.27	0.01	1.62	7205163.0	8.75	81539.0	0.1	0.2	1.58	0.13	164212	1297277	106738
Sample_42-NS	81693507.0	199.0	68001253.0	83.24	199.27	26038310.0	25853501.0	25639735.0	220724.0	21941.0	155910.0	0.25	0.01	1.35	0.01	1.82	10043547.0	12.29	141835.0	0.17	0.62	3.39	0.28	506821	2771165	228887
Sample_43-NS	84054730.0	200.0	73788854.0	87.79	199.67	31490449.0	31431272.0	31202156.0	227830.0	21991.0	38472.0	0.22	0.01	1.26	0.01	1.58	8988882.0	10.69	100241.0	0.12	0.12	1.09	0.19	100865	916186	159702
Sample_44-NS	47483606.0	202.0	43997037.0	92.66	200.09	11272475.0	11253233.0	11155512.0	98273.0	10157.0	8533.0	0.65	0.01	1.21	0.01	1.58	2357761.0	4.97	42724.0	0.09	0.17	2.04	0.08	80626	967516	37942
Sample_45-NS	27023459.0	202.0	24723289.0	91.49	200.56	7743076.0	7731453.0	7664187.0	68090.0	5138.0	5661.0	0.69	0.01	1.24	0.01	1.59	1601580.0	5.93	22267.0	0.08	0.2	2.2	0.1	54106	595164	27053
Sample_46-NS	39629926.0	202.0	36812615.0	92.89	200.06	8382717.0	8367066.0	8290762.0	78467.0	6413.0	7075.0	0.65	0.01	1.21	0.01	1.56	1897102.0	4.79	32759.0	0.08	0.17	1.99	0.08	67351	788404	31695
Sample_47-NS	46060006.0	202.0	43090426.0	93.55	200.02	9689964.0	9671624.0	9588730.0	86809.0	7096.0	7329.0	0.65	0.01	1.2	0.01	1.58	1948334.0	4.23	40122.0	0.09	0.18	1.89	0.07	82524	866507	32093
Sample_48-NS	40156499.0	200.0	29101324.0	72.47	189.32	17705007.0	17677871.0	17558728.0	119151.0	9223.0	17905.0	2.04	0.0	1.65	0.0	1.75	1587503.0	3.95	13758.0	0.03	0.1	23.39	0.05	40161	9393672	20081
Sample_49-NS	57972784.0	200.0	47653001.0	82.2	192.51	28341958.0	28283506.0	28102197.0	182435.0	19537.0	37789.0	0.87	0.0	1.75	0.01	1.53	2225860.0	3.84	23034.0	0.04	0.11	13.78	0.04	63733	7983981	23176
Sample_5-NS	96289970.0	149.0	74912380.0	77.8	149.84	24503577.0	24470457.0	24235397.0	237672.0	14546.0	15962.0	0.21	0.0	1.31	0.0	1.56	18684524.0	19.4	128969.0	0.13	0.04	1.56	1.06	38558	1503756	1021783
Sample_50-NS	63550726.0	100.0	56123436.0	88.31	98.75	13412274.0	13382078.0	13303556.0	93761.0	7995.0	6962.0	0.38	0.0	1.31	0.0	1.25	4657130.0	7.33	59871.0	0.09	0.01	4.21	0.04	6362	2678478	25449
Sample_51-NS	42233144.0	200.0	39617125.0	93.81	198.21	22854221.0	22826828.0	22672400.0	147821.0	14597.0	19403.0	0.35	0.01	1.23	0.01	1.39	1458788.0	3.45	13700.0	0.03	0.15	2.53	0.03	63295	1067577	12659
Sample_52-NS	36718010.0	200.0	31226230.0	85.04	198.66	15320692.0	15300600.0	15196777.0	101386.0	10557.0	11972.0	0.33	0.01	1.24	0.01	1.45	1257747.0	3.43	12055.0	0.03	0.06	11.41	0.02	22047	4192582	7349
Sample_53-NS	24780196.0	200.0	23536003.0	94.98	198.89	13097914.0	13084551.0	13000067.0	80240.0	8050.0	9557.0	0.21	0.01	1.15	0.01	1.38	913182.0	3.69	4290.0	0.02	0.15	1.15	0.02	37127	284643	4950
Sample_54-NS	30133556.0	200.0	27252840.0	90.44	198.58	15555861.0	15529610.0	15429025.0	100333.0	10179.0	16324.0	0.35	0.01	1.3	0.01	1.39	1157850.0	3.84	10528.0	0.03	0.09	5.53	0.06	27132	1667118	18088
Sample_55-NS	32338178.0	200.0	28846631.0	89.2	198.55	17189469.0	17170312.0	17055990.0	108575.0	10655.0	14249.0	0.34	0.01	1.22	0.01	1.44	1148932.0	3.55	9527.0	0.03	0.11	7.08	0.03	35546	2287848	9694
Sample_56-NS	31883036.0	200.0	27664694.0	86.77	198.58	15161994.0	15144753.0	15040705.0	99848.0	10013.0	11428.0	0.34	0.01	1.21	0.01	1.43	1044984.0	3.28	10871.0	0.03	0.13	9.77	0.02	41444	3114667	6376
Sample_57-NS	29731018.0	200.0	26269506.0	88.36	198.42	15402225.0	15375906.0	15270270.0	103159.0	10815.0	17981.0	0.37	0.01	1.23	0.01	1.41	1259414.0	4.24	8084.0	0.03	0.32	7.01	0.05	95133	2084016	14865
Sample_58-NS	25200730.0	200.0	23626491.0	93.75	198.73	13128752.0	13105918.0	13009880.0	92968.0	10205.0	15699.0	0.22	0.01	1.19	0.01	1.39	1086814.0	4.31	10766.0	0.04	0.38	1.42	0.09	95836	358125	22698
Sample_59-NS	51105980.0	202.0	23751201.0	46.47	199.2	5418794.0	5410933.0	5352271.0	57837.0	3594.0	5092.0	0.26	0.01	1.18	0.01	1.56	25378762.0	49.66	36510.0	0.07	0.06	3.32	0.42	30624	1694517	214367
Sample_6-NS	80108710.0	147.0	53670552.0	67.0	149.93	20176989.0	20147860.0	19971237.0	178561.0	13490.0	13701.0	0.23	0.0	1.32	0.0	1.51	18567112.0	23.18	74503.0	0.09	0.03	3.78	5.92	24039	3028873	4743632
Sample_60-NS	50923850.0	202.0	37187309.0	73.03	198.47	9335276.0	9326120.0	9246043.0	78101.0	6209.0	4923.0	0.26	0.01	1.16	0.01	1.57	12164506.0	23.89	52104.0	0.1	0.07	2.81	0.11	35584	1428430	55917
Sample_61-NS	45369864.0	202.0	24352738.0	53.68	198.9	5872772.0	5865081.0	5811718.0	52969.0	3884.0	4201.0	0.28	0.01	1.15	0.01	1.58	19741273.0	43.51	35811.0	0.08	0.07	2.46	0.2	31796	1117400	90846
Sample_62-NS	49904412.0	202.0	41533346.0	83.23	198.68	10456336.0	10446426.0	10343301.0	99917.0	7158.0	5960.0	0.26	0.01	1.2	0.01	1.61	6765816.0	13.56	49915.0	0.1	0.08	2.92	0.12	39880	1455634	59821
Sample_63-NS	53734175.0	202.0	43858998.0	81.62	198.77	11909375.0	11897159.0	11795172.0	99455.0	8098.0	6650.0	0.26	0.01	1.2	0.01	1.59	8063274.0	15.01	53740.0	0.1	0.09	3.05	0.13	48390	1639877	69896
Sample_64-NS	51670731.0	202.0	40242652.0	77.88	198.73	10057057.0	10045678.0	9938187.0	105794.0	6994.0	6082.0	0.27	0.01	1.19	0.01	1.61	9891344.0	19.14	56457.0	0.11	0.08	2.63	0.16	41262	1356492	82524
Sample_65-NS	44626539.0	202.0	31416300.0	70.4	198.96	8031569.0	8021098.0	7955164.0	65406.0	5513.0	5486.0	0.26	0.01	1.17	0.01	1.62	11535702.0	25.85	46536.0	0.1	0.08	3.44	0.13	35682	1534335	57984
Sample_66-NS	90539915.0	198.0	83439356.0	92.16	198.14	22330961.0	22298535.0	22115712.0	184387.0	15223.0	15639.0	0.19	0.01	1.24	0.01	1.53	6068213.0	6.7	118657.0	0.13	0.06	0.85	0.1	54279	768946	90464
Sample_67-NS	79073663.0	199.0	73206585.0	92.58	198.77	18553349.0	18527422.0	18377684.0	147462.0	14233.0	13970.0	0.2	0.01	1.29	0.01	1.53	4981062.0	6.3	84030.0	0.11	0.06	0.85	0.1	47643	674939	79405
Sample_68-NS	85180889.0	198.0	75180726.0	88.26	198.43	30482701.0	30431933.0	30221731.0	209268.0	19462.0	32240.0	0.18	0.01	1.26	0.01	1.56	8691558.0	10.2	127679.0	0.15	0.07	1.17	0.15	59471	994017	127438
Sample_69-NS	87372531.0	199.0	77086429.0	88.23	199.18	33615823.0	33580044.0	33315872.0	253108.0	23439.0	23404.0	0.19	0.01	1.28	0.01	1.56	8193411.0	9.38	109243.0	0.13	0.05	2.13	0.09	43688	1861121	78639
Sample_7-NS	73050010.0	149.0	54653660.0	74.82	149.81	19749460.0	19720414.0	19567767.0	155068.0	12133.0	14492.0	0.29	0.0	1.31	0.0	1.56	14843850.0	20.32	79244.0	0.11	0.04	2.92	1.8	29187	2130653	1313416
Sample_70-NS	167807339.0	198.0	152828971.0	91.07	198.39	59594220.0	59529975.0	59096089.0	419262.0	40028.0	38841.0	0.19	0.01	1.24	0.01	1.58	11946213.0	7.12	248861.0	0.15	0.07	1.51	0.08	117368	2531792	134135
Sample_71-NS	77270900.0	199.0	70109797.0	90.73	199.23	31406669.0	31368418.0	31139069.0	225319.0	21132.0	21149.0	0.18	0.01	1.29	0.01	1.63	5877590.0	7.61	86341.0	0.11	0.06	1.41	0.08	46342	1089040	61790
Sample_72-NS	59527855.0	199.0	51415529.0	86.37	199.1	22549947.0	22526487.0	22345562.0	175452.0	15584.0	13349.0	0.19	0.01	1.26	0.01	1.52	7078218.0	11.89	79183.0	0.13	0.06	1.47	0.07	35810	877337	41778
Sample_73-NS	86130524.0	199.0	74626064.0	86.64	199.31	38845265.0	38808279.0	38534759.0	260094.0	26766.0	23646.0	0.18	0.01	1.26	0.01	1.54	10121140.0	11.75	104482.0	0.12	0.06	1.36	0.06	51845	1175148	51845
Sample_74-NS	42441760.0	200.0	36306021.0	85.54	198.53	21661998.0	21630246.0	21460844.0	165008.0	15358.0	20788.0	0.33	0.01	1.47	0.01	1.57	3062139.0	7.21	14045.0	0.03	0.36	6.82	0.03	152766	2894059	12730
Sample_75-NS	41802659.0	200.0	37753041.0	90.31	198.5	23310304.0	23278526.0	23110938.0	161707.0	16001.0	21658.0	0.32	0.0	1.35	0.01	1.54	2759284.0	6.6	12461.0	0.03	0.07	2.96	0.03	29232	1236112	12528
Sample_76-NS	40310168.0	200.0	35026293.0	86.89	198.52	22056090.0	22026250.0	21855064.0	162595.0	15417.0	23014.0	0.31	0.01	1.49	0.01	1.63	4061295.0	10.08	14017.0	0.03	0.05	2.91	0.03	20210	1176227	12126
Sample_77-NS	6416465.0	202.0	4414592.0	68.8	194.32	2154260.0	2143306.0	2128780.0	17043.0	1262.0	7175.0	2.45	0.03	1.84	0.03	1.9	217337.0	3.39	4131.0	0.06	0.24	27.41	0.09	15404	1759225	5776
Sample_78-NS	6595887.0	202.0	4469235.0	67.76	194.23	2163135.0	2151523.0	2137900.0	16539.0	1399.0	7297.0	2.44	0.03	1.86	0.02	1.85	216474.0	3.28	5410.0	0.08	0.26	28.52	0.1	17148	1881024	6595
Sample_79-NS	7289698.0	202.0	5200919.0	71.35	194.19	2469366.0	2456158.0	2439133.0	18558.0	1604.0	10071.0	2.35	0.03	1.76	0.02	1.87	269576.0	3.7	4914.0	0.07	0.39	24.4	0.1	28428	1778572	7289
Sample_8-NS	70195480.0	149.0	48854746.0	69.6	149.54	16719549.0	16692335.0	16578834.0	118911.0	10728.0	11076.0	0.27	0.0	1.31	0.0	1.57	15813520.0	22.53	106101.0	0.15	0.04	4.26	3.42	28089	2991443	2401581
Sample_80-NS	7168629.0	202.0	4725204.0	65.92	194.11	2342253.0	2331515.0	2317532.0	16348.0	1549.0	6824.0	2.49	0.02	1.89	0.02	1.83	235908.0	3.29	4484.0	0.06	0.17	30.48	0.08	12187	2185111	5735
Sample_81-NS	6229547.0	202.0	4418841.0	70.93	194.34	2245799.0	2233679.0	2220094.0	16496.0	1326.0	7883.0	2.38	0.03	1.85	0.03	1.88	217863.0	3.5	3885.0	0.06	0.34	25.07	0.09	21186	1562164	5608
Sample_82-NS	6259354.0	202.0	4248522.0	67.87	194.18	2053058.0	2042810.0	2030118.0	15471.0	1420.0	6049.0	2.41	0.03	1.84	0.02	1.86	221471.0	3.54	4634.0	0.07	0.2	28.2	0.12	12516	1764702	7509
Sample_83-NS	7058499.0	202.0	4679605.0	66.3	194.06	2388156.0	2377072.0	2361674.0	17365.0	1546.0	7571.0	2.4	0.03	1.9	0.02	1.83	227393.0	3.22	4173.0	0.06	0.19	30.14	0.09	13412	2127563	6353
Sample_84-NS	7006151.0	202.0	4566237.0	65.17	193.92	2597634.0	2586765.0	2570535.0	17569.0	1746.0	7784.0	2.55	0.02	1.8	0.02	1.9	240436.0	3.43	2585.0	0.04	0.2	31.07	0.08	14015	2177272	5606
Sample_85-NS	7238589.0	202.0	4813833.0	66.5	194.2	2467345.0	2455479.0	2440218.0	17332.0	1468.0	8327.0	2.42	0.03	1.85	0.02	1.84	233376.0	3.22	4736.0	0.07	0.22	29.89	0.1	15924	2163482	7238
Sample_86-NS	6900006.0	202.0	4539049.0	65.78	194.21	2166874.0	2155487.0	2141275.0	16396.0	1274.0	7929.0	2.48	0.03	2.01	0.03	1.93	231209.0	3.35	3950.0	0.06	0.18	30.54	0.09	12419	2107169	6210
Sample_87-NS	6457502.0	202.0	4421318.0	68.47	194.2	2208032.0	2197829.0	2184540.0	15297.0	1291.0	6904.0	2.48	0.02	1.88	0.02	1.88	215632.0	3.34	3345.0	0.05	0.19	27.87	0.09	12265	1799132	5810
Sample_88-NS	7451636.0	202.0	5026004.0	67.45	194.23	2380127.0	2365365.0	2348887.0	18347.0	1583.0	11310.0	2.37	0.03	2.01	0.03	1.89	255211.0	3.42	4867.0	0.07	0.26	28.69	0.12	19369	2137246	8939
Sample_89-NS	7657609.0	202.0	5208570.0	68.02	194.17	2439578.0	2427318.0	2412278.0	17464.0	1459.0	8377.0	2.48	0.03	1.92	0.03	2.0	265723.0	3.47	5356.0	0.07	0.26	28.09	0.09	19911	2151157	6892
Sample_9-NS	71890320.0	149.0	51167203.0	71.17	149.95	15309589.0	15282281.0	15173000.0	115218.0	9968.0	11403.0	0.3	0.0	1.33	0.0	1.53	15673943.0	21.8	79622.0	0.11	0.05	3.71	3.15	35959	2668168	2265425
Sample_90-NS	6146073.0	202.0	4005086.0	65.16	194.19	1893988.0	1883395.0	1871897.0	14288.0	1255.0	6548.0	2.4	0.03	1.94	0.02	1.84	212522.0	3.46	3395.0	0.06	0.21	31.0	0.12	12903	1904793	7373
Sample_91-NS	5069808.0	202.0	3449586.0	68.04	194.39	1616983.0	1608196.0	1598630.0	11543.0	1056.0	5754.0	2.4	0.03	1.95	0.03	1.86	172483.0	3.4	2966.0	0.06	0.22	28.18	0.1	11153	1428551	5069
Sample_92-NS	5899416.0	202.0	4132986.0	70.06	194.15	2065948.0	2054406.0	2040548.0	16011.0	1266.0	8123.0	2.43	0.03	1.94	0.03	1.86	206981.0	3.51	3883.0	0.07	0.25	26.02	0.1	14747	1534920	5899
Sample_93-NS	7023672.0	202.0	4676470.0	66.58	194.13	2239392.0	2227648.0	2213882.0	16922.0	1476.0	7112.0	2.46	0.03	1.97	0.02	1.88	231281.0	3.29	4580.0	0.07	0.19	29.78	0.09	13345	2091674	6321
Sample_94-NS	7529060.0	202.0	4567527.0	60.67	192.23	2251814.0	2239753.0	2224413.0	16901.0	1569.0	8931.0	2.28	0.03	1.9	0.03	1.86	221122.0	2.94	4228.0	0.06	0.19	36.05	0.11	14302	2713601	8280
Sample_95-NS	6479051.0	202.0	4359006.0	67.28	193.95	2233426.0	2223208.0	2207954.0	16788.0	1308.0	7376.0	2.49	0.02	1.86	0.02	1.88	241129.0	3.72	3987.0	0.06	0.21	28.65	0.08	13605	1856141	5183
Sample_96-NS	7398964.0	202.0	4971747.0	67.2	194.16	2348130.0	2336162.0	2320209.0	19358.0	1416.0	7147.0	2.49	0.03	1.93	0.02	1.85	266782.0	3.61	5083.0	0.07	0.19	28.83	0.11	14058	2133155	8139
Sample_97-NS	6143625.0	202.0	4172788.0	67.92	194.2	2118182.0	2107739.0	2094267.0	15723.0	1363.0	6829.0	2.45	0.02	1.91	0.02	1.88	198195.0	3.23	3759.0	0.06	0.17	28.53	0.1	10441	1752300	6142
Sample_98-NS	7172918.0	202.0	4749459.0	66.21	194.0	2416531.0	2405486.0	2385446.0	18478.0	1533.0	11074.0	2.53	0.03	1.93	0.03	1.93	253490.0	3.53	4305.0	0.06	0.21	29.9	0.08	15064	2144861	5739
Sample_99-NS	3498572.0	202.0	1995525.0	57.04	195.46	989738.0	978943.0	971080.0	9573.0	618.0	8467.0	1.52	0.06	1.98	0.04	2.0	106942.0	3.06	2236.0	0.06	0.12	39.6	0.13	4197	1385125	4547
