Sample	Unalignable	Alignable	Filtered	Total	alignable_percent	Unique	Multi	Uncertain
Sample_1-NS	5968633	54468418	0	60437051	90.1242153592173	42848739	11619679	41821611
Sample_10-NS	4522607	41290983	0	45813590	90.12824142356013	33737923	7553060	30811205
Sample_100-NS	1423038	1011878	0	2434916	41.556998270166204	955040	56838	634516
Sample_101-NS	5908991	6007787	0	11916778	50.414524798565516	5693245	314542	3891830
Sample_102-NS	6636328	6497246	0	13133574	49.470509702842506	6126304	370942	4472804
Sample_103-NS	1445084	1155744	0	2600828	44.437540660128235	1090508	65236	759442
Sample_104-NS	1960222	1372428	0	3332650	41.18128216284339	1288377	84051	871052
Sample_105-NS	1726605	1275658	0	3002263	42.48988179916283	1194449	81209	791934
Sample_106-NS	1773822	1982583	0	3756405	52.77873392246044	1871809	110774	1267659
Sample_107-NS	45339	109551	0	154890	70.72825876428433	102839	6712	75665
Sample_108-NS	3317123	1331383	0	4648506	28.641094579634835	1253727	77656	849244
Sample_109-NS	1173401	1212496	0	2385897	50.81929354033304	1147413	65083	769533
Sample_11-NS	2471607	60819620	0	63291227	96.09486635485831	49512644	11306976	45908326
Sample_110-NS	2344229	1793969	0	4138198	43.351453942029835	1671574	122395	1155588
Sample_111-NS	1443959	1081386	0	2525345	42.82131748335376	1021955	59431	702419
Sample_112-AK	5062654	57632077	0	62694731	91.92491311590443	44572385	13059692	43676981
Sample_113-AK	5120961	68265348	0	73386309	93.02191230247048	54724997	13540351	48776601
Sample_114-AK	8291078	69895456	0	78186534	89.39577242290852	53887220	16008236	53186986
Sample_115-AK	4696869	79791553	0	84488422	94.44081344068658	64073745	15717808	60543388
Sample_116-AK	4842577	94908481	0	99751058	95.14533770659355	82822878	12085603	68610152
Sample_117-AK	9500816	103467522	0	112968338	91.58984174840211	80288440	23179082	78873677
Sample_118-AK	9519611	129343051	0	138862662	93.14458554740942	106133015	23210036	99126030
Sample_119-AK	2783931	46156751	0	48940682	94.31162197535376	37744934	8411817	32236095
Sample_12-NS	2035292	42504922	0	44540214	95.43043955738514	35414582	7090340	30348386
Sample_120-AK	7500745	66626686	0	74127431	89.88128294908803	53095948	13530738	49143738
Sample_121-AK	9507703	90246870	0	99754573	90.4689051197683	72290540	17956330	69172105
Sample_122-AK	17062843	70488937	0	87551780	80.51114094996127	55599090	14889847	53055862
Sample_123-AK	5413396	57510021	0	62923417	91.39684991995905	45906230	11603791	43078813
Sample_124-AK	5028838	53674674	0	58703512	91.4334971986003	44336123	9338551	39196527
Sample_125-AK	2957163	73381961	0	76339124	96.12628119756785	63800273	9581688	50138106
Sample_126-AK	3126299	21422410	0	24548709	87.26491482708929	19717410	1705000	12802326
Sample_127-AK	7156141	13872392	0	21028533	65.96937599023194	12691361	1181031	7738714
Sample_128-AK	5153700	16044772	0	21198472	75.68834206540924	14506811	1537961	8890167
Sample_129-AK	3724733	20663143	0	24387876	84.72711194693625	19124912	1538231	12689261
Sample_13-NS	3001305	46846445	0	49847750	93.9790562262088	38113716	8732729	34255409
Sample_130-AK	1149985	31830152	0	32980137	96.51309817178746	29600683	2229469	22343862
Sample_131-AK	3186977	20809253	0	23996230	86.71884291824175	19070891	1738362	12075417
Sample_132-AK	3651583	22042413	0	25693996	85.7881856913187	20084922	1957491	12539135
Sample_133-AK	1617914	39534515	0	41152429	96.06848480316921	36433811	3100704	28610504
Sample_134-AK	1352761	38924007	0	40276768	96.64133676267173	35926168	2997839	27872142
Sample_135-AK	1726276	43143359	0	44869635	96.15268544083321	40105372	3037987	31140622
Sample_136-AK	886120	27957640	0	28843760	96.92786238687327	25616950	2340690	19209440
Sample_137-AK	642827	26136446	0	26779273	97.59953528238053	24580415	1556031	18111500
Sample_138-AK	943582	39056311	0	39999893	97.6410386897785	36646504	2409807	26818281
Sample_139-AK	986115	34976308	0	35962423	97.25792947822231	32723113	2253195	23760634
Sample_14-NS	9131486	60920565	0	70052051	86.9647128533039	50653628	10266937	44413697
Sample_140-AK	720423	29255886	0	29976309	97.5966921077575	27605914	1649972	19925563
Sample_141-AK	622937	16766895	0	17389832	96.41780898170839	15803763	963132	11193090
Sample_142-AK	767786	22407214	0	23175000	96.68700755124055	21165774	1241440	15726501
Sample_143-AK	732799	23364726	0	24097525	96.95902794996582	22057326	1307400	15630257
Sample_144-AK	1291396	36138657	0	37430053	96.54984191446377	34077032	2061625	25153926
Sample_145-AK	880402	33960031	0	34840433	97.47304518287703	31990136	1969895	22886617
Sample_146-AK	918550	27633503	0	28552053	96.78289333520081	26058601	1574902	18969214
Sample_147-AK	1131561	35193545	0	36325106	96.88490654370011	33269381	1924164	23376267
Sample_148-AK	591049	27260180	0	27851229	97.87783512174634	25530224	1729956	18159128
Sample_149-AK	549637	28515889	0	29065526	98.10897280854302	26100174	2415715	19591680
Sample_15-NS	16835060	42425187	0	59260247	71.59130976959985	33549721	8875466	30877314
Sample_150-AK	7788511	39509730	0	47298241	83.53319101232537	34224329	5285401	27813159
Sample_151-AK	948120	39450657	0	40398777	97.65309727074164	34153893	5296764	27816874
Sample_152-AK	1933125	57063405	0	58996530	96.72332423618812	48733667	8329738	42016180
Sample_153-AK	1388651	52442138	0	53830789	97.4203406158509	44043961	8398177	36903343
Sample_154-AK	1544289	66068067	0	67612356	97.7159662946814	53895918	12172149	48475054
Sample_155-AK	5777478	42109305	0	47886783	87.93513024251389	34627005	7482300	30369591
Sample_156-AK	1832872	49434346	0	51267218	96.42486549591983	41280002	8154344	34657956
Sample_157-AK	1333512	69108765	0	70442277	98.10694364692385	57053844	12054921	48576420
Sample_158-AK_IEC	570477	47047284	0	47617761	98.80196593031746	44408412	2638872	31178947
Sample_159-AK_IEC	308582	23626171	0	23934753	98.71073664307293	22290349	1335822	15801365
Sample_16-NS	15156558	47520290	0	62676848	75.81793200577029	37378768	10141522	33312675
Sample_160-AK_IEC	470979	28141717	0	28612696	98.35395098735191	26515454	1626263	19311168
Sample_161-AK_IEC	619341	35833829	0	36453170	98.3009954964136	33845772	1988057	23797488
Sample_162-AK_IEC	570013	38510319	0	39080332	98.54143255487185	36236548	2273771	26759904
Sample_163-AK_IEC	518487	37173211	0	37691698	98.62439999386602	35023353	2149858	25128679
Sample_164-AK_IEC	431182	19603901	0	20035083	97.84786516731675	18236269	1367632	13796693
Sample_165-AK_IEC	498342	36121946	0	36620288	98.63916417041833	33717171	2404775	24544990
Sample_166-AK_IEC_SCC	759867	26228624	0	26988491	97.18447763530017	23832344	2396280	19057731
Sample_167-AK_IEC_SCC	430608	25576429	0	26007037	98.34426351606298	23788628	1787801	18197649
Sample_168-AK_IEC_SCC	496897	39827881	0	40324778	98.76776259003832	37343859	2484022	27340691
Sample_169-IEC	712942	28565411	0	29278353	97.56495182635445	26846186	1719225	20196541
Sample_17-NS	5710833	32022399	0	37733232	84.86524292432729	25383146	6639253	24614760
Sample_170-IEC	1302519	36927765	0	38230284	96.59296540930745	34895538	2032227	25273569
Sample_171-IEC	1348845	46501241	0	47850086	97.18110224504089	43921817	2579424	30820363
Sample_172-IEC	1090746	37767032	0	38857778	97.1929789706452	35565996	2201036	26248017
Sample_173-IEC	989545	36485896	0	37475441	97.35948404182889	34401419	2084477	24665138
Sample_174-IEC	726473	19237534	0	19964007	96.36108622883171	17909373	1328161	13542091
Sample_175-IEC	700032	25896821	0	26596853	97.36798936325286	24303333	1593488	17764024
Sample_176-IEC	318642	22674829	0	22993471	98.61420661543444	21409015	1265814	15906412
Sample_177-IEC	415999	22776524	0	23192523	98.20632278773638	21452512	1324012	15339124
Sample_178-IEC	346280	17071497	0	17417777	98.0119162164035	16078958	992539	11390834
Sample_179-IEC	378228	29092064	0	29470292	98.71657871594893	27321210	1770854	20559091
Sample_18-NS	4145769	71861040	0	76006809	94.54552946697183	55986989	15874051	52200854
Sample_180-IEC	830371	37606813	0	38437184	97.83966744285951	35508942	2097871	25729252
Sample_181-IEC	439431	34831169	0	35270600	98.7541153255119	32782687	2048482	23470831
Sample_182-IEC	391658	34449214	0	34840872	98.87586625271607	32398011	2051203	24030387
Sample_183-IEC	303014	26678937	0	26981951	98.87697520464698	25071458	1607479	18479912
Sample_184-IEC	344297	29814689	0	30158986	98.8583933160087	28115452	1699237	20296680
Sample_185-KA	1999888	43976686	0	45976574	95.65020220949913	35619011	8357675	33458032
Sample_186-KA	7641623	66217688	0	73859311	89.65381223228579	54214849	12002839	46497351
Sample_187-KA	4639690	36003650	0	40643340	88.58437815396077	28779794	7223856	25874925
Sample_188-KA	6617893	10679789	0	17297682	61.741156994330225	9577021	1102768	7922740
Sample_189-KA	6018972	13186213	0	19205185	68.65965102653267	11947735	1238478	9871806
Sample_19-NS	3195622	49861459	0	53057081	93.97701128714563	40355176	9506283	36540241
Sample_190-KA	8049433	9482141	0	17531574	54.08607920771974	8463108	1019033	7177530
Sample_191-KA	4452969	14212006	0	18664975	76.14264685594276	13150419	1061587	10223746
Sample_192-KA	4848764	16382851	0	21231615	77.1625286159343	14922963	1459888	11777013
Sample_193-KA	7286809	12663979	0	19950788	63.47608425291271	11382535	1281444	9022259
Sample_194-KA	2901424	12197702	0	15099126	80.78415929504794	11044773	1152929	9550019
Sample_195-KA	6129235	17430677	0	23559912	73.98447413555704	15678071	1752606	13174553
Sample_196-KA	5557483	21524248	0	27081731	79.47884867477637	19761157	1763091	14849291
Sample_197-KA	7078608	8654830	0	15733438	55.00914676118468	7782704	872126	6196491
Sample_198-SCC	11545039	75423290	0	86968329	86.72500767492038	59390518	16032772	57708975
Sample_199-SCC	2892916	68450287	0	71343203	95.94507131954812	55091695	13358592	53472974
Sample_2-NS	2855079	41891026	0	44746105	93.61937983205466	33256171	8634855	30727737
Sample_20-NS	3425991	56291896	0	59717887	94.26304048567559	47047910	9243986	40200509
Sample_200-SCC	3538194	63273642	0	66811836	94.70424072764591	51866525	11407117	48354909
Sample_201-SCC	2837984	49280177	0	52118161	94.55471193620973	39681631	9598546	35368676
Sample_202-SCC	13257696	53266852	0	66524548	80.07097169604219	41147945	12118907	40368081
Sample_203-SCC	3240013	56316840	0	59556853	94.55979818141164	44925821	11391019	44248485
Sample_204-SCC	11385894	66007634	0	77393528	85.28831248008231	51724327	14283307	47083096
Sample_205-SCC	2600466	53434488	0	56034954	95.3592073975826	43210771	10223717	39959526
Sample_206-SCC	1868924	64531811	0	66400735	97.18538657742268	52726293	11805518	48384926
Sample_207-SCC	2130751	52467957	0	54598708	96.0974332945754	42975997	9491960	39921490
Sample_208-SCC	4093575	66889829	0	70983404	94.23305340499027	53666850	13222979	49143814
Sample_209-SCC	3547782	46684493	0	50232275	92.93724602359738	37486502	9197991	35377981
Sample_21-NS	10282536	60388314	0	70670850	85.45010283589343	44536215	15852099	45833049
Sample_210-SCC	2031671	48616028	0	50647699	95.98862131920346	38263540	10352488	36870206
Sample_211-SCC	2204603	56583446	0	58788049	96.24991297125713	47592422	8991024	41874525
Sample_212-SCC	2560464	52061464	0	54621928	95.31238809439316	42843113	9218351	36988696
Sample_213-SCC	3970993	46718601	0	50689594	92.16605877727093	36771782	9946819	33740342
Sample_214-SCC	3690670	58865176	0	62555846	94.10019968397518	45112816	13752360	45172317
Sample_215-SCC	2080210	47571522	0	49651732	95.81039791320875	37893596	9677926	36874324
Sample_216-SCC	4086784	49404602	0	53491386	92.35992127779228	38252688	11151914	36931266
Sample_217-SCC	3980603	50757169	0	54737772	92.72786806156451	39218506	11538663	37849683
Sample_218-SCC	3386351	64808245	0	68194596	95.0342824818553	52915413	11892832	46754219
Sample_219-SCC	6425913	85040929	0	91466842	92.9745983795964	72592672	12448257	64187906
Sample_22-NS	9000231	42105725	0	51105956	82.3890761382098	32794793	9310932	31931507
Sample_220-SCC	4688369	62409525	0	67097894	93.01264358610123	49904914	12504611	46552405
Sample_221-SCC	2219752	53070044	0	55289796	95.98524111031264	45415909	7654135	41331117
Sample_222-SCC	2183799	49985719	0	52169518	95.81403263108545	40335118	9650601	38856158
Sample_223-SCC	4549638	61683488	0	66233126	93.13087230700843	51346609	10336879	43941284
Sample_224-SCC	1712953	44620532	0	46333485	96.30299123840997	36025379	8595153	35512854
Sample_225-SCC	5074717	56391576	0	61466293	91.74390262969007	44917694	11473882	43204252
Sample_226-SCC	2823817	49777802	0	52601619	94.6316918496368	39353980	10423822	37818488
Sample_227-SCC	3683548	62223870	0	65907418	94.41102669201818	51693329	10530541	49016508
Sample_228-SCC	2968096	54592346	0	57560442	94.84351423152727	43606054	10986292	43470368
Sample_229-SCC	29345878	50952463	0	80298341	63.45394234234553	39026053	11926410	37177450
Sample_23-NS	13805988	59427753	0	73233741	81.14805032286961	45160258	14267495	43768209
Sample_230-SCC	4698613	43196916	0	47895529	90.18987137609442	24335499	18861417	33443166
Sample_231-SCC	5599854	46861869	0	52461723	89.32582904301485	35901541	10960328	33859685
Sample_232-SCC	17545384	46618934	0	64164318	72.65554353745333	34808853	11810081	34048646
Sample_233-SCC	7193816	42447536	0	49641352	85.50842047976454	33517852	8929684	31083341
Sample_234-SCC	3732214	57454798	0	61187012	93.90031662274994	47082569	10372229	40249976
Sample_235-SCC	24481313	57336344	0	81817657	70.07820329051955	43938738	13397606	43617176
Sample_236-SCC	19383998	52728690	0	72112688	73.11985097546219	39210967	13517723	40319773
Sample_237-SCC	5587045	65212592	0	70799637	92.10865304295275	51116263	14096329	51463624
Sample_238-SCC	3186329	57615858	0	60802187	94.75951580491669	45340766	12275092	44711430
Sample_239-SCC	9007785	91931383	0	100939168	91.07602610713019	68219540	23711843	71146763
Sample_24-NS	6261572	47717433	0	53979005	88.39998625391483	37053675	10663758	36342807
Sample_240-SCC	11853368	71200492	0	83053860	85.72809499763166	57885565	13314927	53925213
Sample_241-SCC	9706576	39580325	0	49286901	80.30597216895417	29640651	9939674	29781681
Sample_242-SCC	3500387	46366242	0	49866629	92.98050205078029	37353149	9013093	35444058
Sample_243-SCC	17551553	82025315	0	99576868	82.3738651832271	63967891	18057424	60995193
Sample_244-SCC	25921884	48357209	0	74279093	65.10204560521493	39500165	8857044	34192238
Sample_245-SCC	3487570	58670459	0	62158029	94.389188241474	46349740	12320719	43618455
Sample_246-SCC	18464365	39222469	0	57686834	67.99206383903821	31785273	7437196	28382752
Sample_247-SCC	6404179	76536355	0	82940534	92.27858962181266	61376739	15159616	52817271
Sample_248-SCC	19076752	32238042	0	51314794	62.82406979944224	25481660	6756382	23033914
Sample_249-SCC	3953990	51237496	0	55191486	92.83586964844541	40295446	10942050	38374275
Sample_25-NS	8936043	36852231	0	45788274	80.48399247370625	28012119	8840112	27734212
Sample_250-SCC	5030842	87230895	0	92261737	94.54720649796567	63930668	23300227	66081040
Sample_251-SCC	11619113	90650439	0	102269552	88.63873677670946	74325369	16325070	68747660
Sample_252-SCC	6435265	87885396	0	94320661	93.1772477718323	70712336	17173060	63740547
Sample_253-SCC	7533898	150626515	0	158160413	95.23654632844188	127419391	23207124	113613873
Sample_254-SCC	5679056	66230693	0	71909749	92.10252284429473	52699704	13530989	49498418
Sample_255-SCC	4664226	72295672	0	76959898	93.93940724817489	57532683	14762989	51605935
Sample_256-SCC	6789327	62736089	0	69525416	90.23475530157202	48807676	13928413	46231886
Sample_257-SCC	7499803	65176145	0	72675948	89.68048824075882	48457982	16718163	50431623
Sample_258-SCC	6253440	58068106	0	64321546	90.27784562267829	46613727	11454379	42973765
Sample_259-SCC	5530788	77424811	0	82955599	93.33283338717136	64455143	12969668	57863337
Sample_26-NS	7355355	104386742	0	111742097	93.41756133321894	89677934	14708808	77292054
Sample_260-SCC	6558903	60524953	0	67083856	90.22282946883674	51949100	8575853	45666296
Sample_261-SCC	8779156	66964852	0	75744008	88.40943827530225	48930458	18034394	51934245
Sample_262-SCC	11114489	69770852	0	80885341	86.25895760271321	56306611	13464241	55465689
Sample_263-SCC	18778308	85235933	0	104014241	81.9464067425152	65735201	19500732	66534764
Sample_264-SCC	16067302	83267163	0	99334465	83.82504803342928	63294971	19972192	62247795
Sample_265-SCC	5229753	14796938	0	20026691	73.88608532482975	13306445	1490493	8615188
Sample_266-SCC	4127911	17683493	0	21811404	81.07452871901323	16105637	1577856	9416292
Sample_267-SCC	3244422	20109400	0	23353822	86.10753306246832	18322786	1786614	12356012
Sample_268-SCC	1499200	45982772	0	47481972	96.84259112068892	42709148	3273624	33079744
Sample_269-SCC	4123091	24139024	0	28262115	85.41124399217821	22191183	1947841	15738923
Sample_27-NS	5639419	14450749	0	20090168	71.92945823051356	13164976	1285773	8353099
Sample_270-SCC	3576709	20868501	0	24445210	85.3684668693785	19166432	1702069	12918180
Sample_271-SCC	1952558	41953380	0	43905938	95.5528612097981	38454623	3498757	29746745
Sample_272-SCC	1625060	41996019	0	43621079	96.2745992596836	38626413	3369606	30485185
Sample_273-SCC	1461576	40168172	0	41629748	96.48910678008427	37139517	3028655	28593186
Sample_274-SCC	4170174	43603545	0	47773719	91.27098729743021	39219058	4384487	31516301
Sample_275-SCC	2867703	55992883	0	58860586	95.12797409118556	50128240	5864643	42853446
Sample_276-SCC	1134543	63976964	0	65111507	98.25753841022295	57044280	6932684	47834286
Sample_277-SCC	6078216	23009885	0	29088101	79.10411545944508	17348581	5661304	16298975
Sample_278-SCC	2126468	51617102	0	53743570	96.04330713423019	45651650	5965452	38704805
Sample_279-SCC	944070	66029817	0	66973887	98.59039090862383	59959711	6070106	50322761
Sample_28-NS	5124768	18746344	0	23871112	78.53150703662234	17254596	1491748	9691973
Sample_280-SCC	1271791	52919152	0	54190943	97.65312997044543	46893929	6025223	39272711
Sample_281-SCC	1518137	52160975	0	53679112	97.17182914650301	46253011	5907964	38394677
Sample_282-SCC	752232	22385797	0	23138029	96.74893656672312	21103175	1282622	15080684
Sample_283-SCC	1082880	25745432	0	26828312	95.96366703950663	23405482	2339950	18717767
Sample_284-SCC	741689	25056442	0	25798131	97.12502816580007	23321021	1735421	17836331
Sample_285-SCC	796499	33745663	0	34542162	97.69412522586165	31756316	1989347	23554948
Sample_286-SCC	732836	29539768	0	30272604	97.57921056279136	27822343	1717425	20406757
Sample_287-SCC	5824719	21221781	0	27046500	78.4640563474017	20048050	1173731	15228048
Sample_288-SCC	19015006	29564884	0	48579890	60.858276953694215	28021572	1543312	22388240
Sample_289-SCC	1666921	44299564	0	45966485	96.37361655997843	40346253	3953311	31443119
Sample_29-NS	5158376	16000896	0	21159272	75.62120284667638	14564989	1435907	8828175
Sample_290-SCC	1332032	32312961	0	33644993	96.04092056134475	30273873	2039088	23209569
Sample_291-SCC	2087715	25282778	0	27370493	92.37238803115457	23785489	1497289	18126128
Sample_292-SCC	321020	20499378	0	20820398	98.45814666943447	19221669	1277709	14485606
Sample_293-SCC	2370845	21851444	0	24222289	90.21213478214219	20406108	1445336	15607558
Sample_294-SCC	1838183	26231786	0	28069969	93.451424901823	24665285	1566501	18882932
Sample_295-SCC	2334726	24004096	0	26338822	91.13579946741733	22535353	1468743	16932330
Sample_296-SCC	1772772	23056333	0	24829105	92.86010510648693	21666895	1389438	16044314
Sample_297-SCC	3511721	12264076	0	15775797	77.73981878696841	7784132	4479944	9380361
Sample_298-SCC	355468	26365869	0	26721337	98.66972225229598	24720066	1645803	18081769
Sample_299-SCC	267532	27855377	0	28122909	99.04870438545316	26070333	1785044	18549438
Sample_3-NS	2506647	57340456	0	59847103	95.811581723513	46671008	10669448	41521076
Sample_30-NS	3837288	20156028	0	23993316	84.00684590658499	18464928	1691100	11820194
Sample_300-SCC	378941	30135364	0	30514305	98.7581529384333	28345840	1789524	20817211
Sample_301-SCC	1473355	28293203	0	29766558	95.05030107948659	23230000	5063203	21111144
Sample_302-SCC	16734122	17268536	0	34002658	50.78584150686102	13879433	3389103	13040530
Sample_303-SCC	2149227	24238467	0	26387694	91.85519204520108	20017932	4220535	17903322
Sample_304-SCC	1590083	18471994	0	20062077	92.07418553921411	15214459	3257535	13097106
Sample_305-SCC	3262561	11396327	0	14658888	77.74346185058512	4774698	6621629	8547326
Sample_306-SCC	1699691	21333737	0	23033428	92.62076404780044	17837375	3496362	15801506
Sample_307-SCC	4132298	11032306	0	15164604	72.75037317163047	5184922	5847384	8063046
Sample_308-SCC	3202190	16870132	0	20072322	84.0467385885898	10411282	6458850	12372152
Sample_309-SCC	2803896	12656696	0	15460592	81.86423909252633	9022364	3634332	9224114
Sample_31-NS	3166763	19718245	0	22885008	86.1622814376993	18142449	1575796	10585242
Sample_310-SCC	1555458	35082762	0	36638220	95.75454811942284	30605198	4477564	24461108
Sample_311-SCC	911695	42475954	0	43387649	97.89872228384627	36631258	5844696	30508161
Sample_312-SCC	1686526	52754098	0	54440624	96.90208179832767	45035265	7718833	38670714
Sample_313-SCC	3138896	54752774	0	57891670	94.57798332644403	43711936	11040838	37984654
Sample_314-SCC	1397749	54917237	0	56314986	97.51798038269955	44479005	10438232	41400059
Sample_315-SCC	3768237	113559212	0	117327449	96.7882733050814	77798610	35760602	85064339
Sample_316-SCC	1348083	58901650	0	60249733	97.76250792679862	49521943	9379707	41730243
Sample_317-SCC	1451233	69310405	0	70761638	97.94912463727876	57802652	11507753	49686313
Sample_318-SCC	1415352	42888906	0	44304258	96.80538155045956	40703299	2185607	31594248
Sample_319-SCC	4669865	14214864	0	18884729	75.2717394038326	13760874	453990	3456543
Sample_32-NS	1294473	34305308	0	35599781	96.36381751898979	31618594	2686714	24569656
Sample_320-SCC	4297205	13055442	0	17352647	75.23602595039247	12705838	349604	5556863
Sample_321-SCC	5467354	19617694	0	25085048	78.20472976571541	19237220	380474	2009221
Sample_322-SCC	1114886	28589673	0	29704559	96.24675121418231	26926513	1663160	18987475
Sample_323-SCC	1317400	26930511	0	28247911	95.3362923014024	25341614	1588897	17886134
Sample_324-SCC	1135641	29682724	0	30818365	96.31505110670211	27837190	1845534	20199780
Sample_325-SCC	1175532	28618801	0	29794333	96.05451144014535	26872672	1746129	18552188
Sample_326-SCC	1275686	30357327	0	31633013	95.96723208124374	28601875	1755452	20594040
Sample_327-SCC	1399153	38099575	0	39498728	96.45772643615258	35428915	2670660	26552646
Sample_328-SCC	3963615	12437825	0	16401440	75.83373776936659	12104685	333140	4465685
Sample_329-SCC	1079931	28064351	0	29144282	96.29453557991238	26225891	1838460	18872649
Sample_33-NS	1185789	45759529	0	46945318	97.47410593746537	42342357	3417172	33323567
Sample_330-SCC	1131679	48612055	0	49743734	97.72498180373833	45381823	3230232	29637804
Sample_331-SCC	1606904	54533367	0	56140271	97.13769817748118	51322681	3210686	34613691
Sample_332-SCC	1630345	49031000	0	50661345	96.78187580688984	46198944	2832056	32745027
Sample_333-SCC	1287214	37437508	0	38724722	96.67598904906278	35097542	2339966	23837082
Sample_334-SCC	1112724	46741358	0	47854082	97.67475635620802	43831358	2910000	33484479
Sample_335-SCC	1010351	43052415	0	44062766	97.70701866514689	40419908	2632507	31588283
Sample_336-SCC	1149337	47773168	0	48922505	97.65069879393951	44772838	3000330	33074533
Sample_337-SCC	1195040	48337375	0	49532415	97.58735769293703	45411668	2925707	34769261
Sample_338-SCC	7366694	14679289	0	22045983	66.58486945218093	13246249	1433040	11031589
Sample_339-SCC	4782115	17729890	0	22512005	78.75748961498543	16221868	1508022	13168063
Sample_34-NS	2427698	44722253	0	47149951	94.85111235852611	39187375	5534878	32349748
Sample_340-SCC	4602641	14055024	0	18657665	75.33109850562758	12742965	1312059	10318166
Sample_341-SCC	5075588	10538440	0	15614028	67.49341041273911	9531313	1007127	7712082
Sample_342-SCC	5435681	8929554	0	14365235	62.160862666012775	8142159	787395	7078523
Sample_343-SCC	9153210	13607368	0	22760578	59.78480862832218	12288644	1318724	10465965
Sample_344-SCC	8551927	9759016	0	18310943	53.2960863894339	8836659	922357	7518119
Sample_345-SCC	6401711	14846972	0	21248683	69.87243397626102	13407461	1439511	11355516
Sample_346-SCC	7594854	17316278	0	24911132	69.51220843757723	15708348	1607930	13142692
Sample_347-SCC	5760139	8689520	0	14449659	60.13650564348958	7897269	792251	6313685
Sample_348-SCC	1554560	1374906	0	2929466	46.93367323600957	1302709	72197	683142
Sample_349-SCC	1213613	1208268	0	2421881	49.889651886281776	1140247	68021	680697
Sample_35-NS	1754868	44338982	0	46093850	96.19283700537056	39311778	5027204	32021575
Sample_350-SCC	1352913	1211129	0	2564042	47.23514669416492	1157564	53565	742552
Sample_351-SCC	1257384	881421	0	2138805	41.210909830489456	839135	42286	575398
Sample_352-SCC	1825400	2464107	0	4289507	57.4449930959432	2345010	119097	1572444
Sample_353-SCC	1126065	1156134	0	2282199	50.65877252597166	1098438	57696	755893
Sample_354-SCC	1128975	1055273	0	2184248	48.31287472851068	1001745	53528	711492
Sample_355-SCC	2664816	1269460	0	3934276	32.266673715824716	1198891	70569	828750
Sample_356-SCC	1409873	1285764	0	2695637	47.69796526757869	1207884	77880	834706
Sample_357-SCC	1372365	1193541	0	2565906	46.51538287061178	1137415	56126	628846
Sample_358-BCC	416318	36623694	0	37040012	98.8760316816312	34516997	2106697	25488030
Sample_359-BCC	3840433	2244072	0	6084505	36.8817512681804	2127446	116626	1565901
Sample_36-NS	1290954	38991632	0	40282586	96.79525539894584	35109417	3882215	27626185
Sample_360-BCC	1562716	1961401	0	3524117	55.6565233220123	1856933	104468	1383163
Sample_361-BCC	1735253	2260527	0	3995780	56.5728593666318	2139278	121249	1580591
Sample_362-BCC	1851123	2187151	0	4038274	54.16053987421358	2071680	115471	1502815
Sample_363-BCC	1955138	2337576	0	4292714	54.45450127821234	2219456	118120	1598492
Sample_364-BCC	1622898	2033293	0	3656191	55.61232988101552	1924959	108334	1403495
Sample_365-BCC	1767214	2111192	0	3878406	54.43452799938944	1996855	114337	1442333
Sample_366-BCC	1500342	2020772	0	3521114	57.390132781841196	1910422	110350	1372136
Sample_367-BCC	1709907	2147753	0	3857660	55.67502060834807	2036808	110945	1432700
Sample_368-BCC	2332178	2326133	0	4658311	49.935115967997845	2205287	120846	1579374
Sample_369-BCC	2199996	2449019	0	4649015	52.67823399150142	2308686	140333	1629865
Sample_37-NS	6083566	21181083	0	27264649	77.68698214306738	18925103	2255980	15080758
Sample_370-BCC	2133231	2441018	0	4574249	53.36434461700708	2295371	145647	1645526
Sample_371-BCC	1927296	2416620	0	4343916	55.6322912321509	2277524	139096	1669707
Sample_372-BCC	1613009	2180277	0	3793286	57.477263776050634	2067336	112941	1496912
Sample_373-BCC	2069423	2336423	0	4405846	53.03006505447535	2202865	133558	1627407
Sample_374-BCC	2999208	2463204	0	5462412	45.093705857412445	2299041	164163	1522568
Sample_375-BCC	1578288	2255870	0	3834158	58.83612516750745	2133334	122536	1580827
Sample_376-BCC	1786368	2173673	0	3960041	54.89016401597863	2044010	129663	1435760
Sample_377-BCC	1880325	2250768	0	4131093	54.483595503659686	2143735	107033	1504260
Sample_378-BCC	2068678	2315479	0	4384157	52.81469162714748	2199608	115871	1598862
Sample_379-BCC	1724244	2194060	0	3918304	55.99514483817488	2075648	118412	1447273
Sample_38-NS	1257413	45465944	0	46723357	97.30881280640858	39537452	5928492	33604706
Sample_380-BCC	1466263	1901916	0	3368179	56.467188946905736	1808073	93843	1323660
Sample_381-BCC	1597614	1093635	0	2691249	40.63670808609683	1030000	63635	738323
Sample_382-BCC	1606768	1008309	0	2615077	38.55752622198123	949594	58715	664370
Sample_383-BCC	1626394	1259411	0	2885805	43.64158354427967	1191240	68171	790930
Sample_39-NS	4260686	33963758	0	38224444	88.85350431781298	30275312	3688446	24436129
Sample_4-NS	1900371	47697847	0	49598218	96.16846919782482	39480241	8217606	35771586
Sample_40-NS	5368277	30195574	0	35563851	84.90524268589473	26716430	3479144	22020089
Sample_41-NS	1649766	47851813	0	49501579	96.66724570543496	42310802	5541011	35914590
Sample_42-NS	3648707	38061917	0	41710624	91.25233178002803	33093147	4968770	27935958
Sample_43-NS	1276994	49942445	0	51219439	97.50681767521897	43782064	6160381	34603489
Sample_44-NS	1128808	18411780	0	19540588	94.22326492938697	15951108	2460672	12776613
Sample_45-NS	698590	11433409	0	12131999	94.24175686133836	9835933	1597476	8088210
Sample_46-NS	920209	14405461	0	15325670	93.99563607985817	12532667	1872794	9934505
Sample_47-NS	1021246	16032914	0	17054160	94.01174845316334	14180000	1852914	11097924
Sample_48-NS	9467672	16719261	0	26186933	63.84581577384415	15517115	1202146	12084010
Sample_49-NS	8093923	31189030	0	39282953	79.3958386987862	29444845	1744185	22185936
Sample_5-NS	2693066	57957583	0	60650649	95.55970786066939	47105244	10852339	41886411
Sample_50-NS	2770160	51121577	0	53891737	94.85976857639604	45875402	5246175	37839398
Sample_51-NS	1157231	30787770	0	31945001	96.37742694075983	28912307	1875463	21929275
Sample_52-NS	4234033	24341213	0	28575246	85.1828642175119	22830995	1510218	16420455
Sample_53-NS	331011	20166640	0	20497651	98.38512715432613	18874883	1291757	13813957
Sample_54-NS	1722866	21640699	0	23363565	92.62584284547329	20422900	1217799	14961056
Sample_55-NS	2342615	23304421	0	25647036	90.86594255960026	21804002	1500419	16644043
Sample_56-NS	3173358	21938067	0	25111425	87.36289159217368	20570082	1367985	15438798
Sample_57-NS	2202098	20856311	0	23058409	90.44991352178722	19562163	1294148	14805690
Sample_58-NS	487425	18091850	0	18579275	97.3765122697199	17009764	1082086	13004977
Sample_59-NS	1976017	14387744	0	16363761	87.92443253112778	9799247	4588497	9852308
Sample_6-NS	7871046	45414523	0	53285569	85.22855972505427	37361196	8053327	33712588
Sample_60-NS	1572035	18601909	0	20173944	92.20759708661826	14778720	3823189	13186579
Sample_61-NS	1275853	13776453	0	15052306	91.52387016314975	9707551	4068902	9780947
Sample_62-NS	1605250	19145061	0	20750311	92.26397136891104	16086315	3058746	13413733
Sample_63-NS	1811903	21647309	0	23459212	92.2763688737712	17864272	3783037	15365611
Sample_64-NS	1536735	19482641	0	21019376	92.68895993867753	16037147	3445494	13454237
Sample_65-NS	1674537	16265935	0	17940472	90.66614858293583	12926875	3339060	11375818
Sample_66-NS	1032346	39232697	0	40265043	97.43612343838798	33618952	5613745	27182896
Sample_67-NS	886016	32148009	0	33034025	97.31786847046341	27904681	4243328	22539085
Sample_68-NS	1308605	47973780	0	49282385	97.34468005150319	40959987	7013793	35373162
Sample_69-NS	2092691	55910884	0	58003575	96.39213445033344	47169082	8741802	41187216
Sample_7-NS	3552500	45009045	0	48561545	92.68454082340256	36551876	8457169	33709837
Sample_70-NS	3032155	94935034	0	97967189	96.90492803667155	80478708	14456326	70501074
Sample_71-NS	1283513	47862830	0	49146343	97.38838554071053	40572742	7290088	35427245
Sample_72-NS	1034108	37963726	0	38997834	97.34829375395567	31010595	6953131	27374741
Sample_73-NS	1383320	60096033	0	61479353	97.7499437900721	49026300	11069733	44914919
Sample_74-NS	3073600	30697123	0	33770723	90.89862541586687	28906776	1790347	20132737
Sample_75-NS	1290334	32470971	0	33761305	96.17806835369663	30538902	1932069	21739780
Sample_76-NS	1222580	30513191	0	31735771	96.14762786131776	28559836	1953355	20788104
Sample_77-NS	1784536	2476371	0	4260907	58.11840061282727	2343715	132656	1695203
Sample_78-NS	1910178	2397762	0	4307940	55.65913174278193	2263536	134226	1589727
Sample_79-NS	1819203	2912300	0	4731503	61.55126605647296	2739476	172824	1856137
Sample_8-NS	5527214	40007841	0	45535055	87.86162880444527	31699937	8307904	29745180
Sample_80-NS	2207517	2594766	0	4802283	54.03192606516526	2458127	136639	1714071
Sample_81-NS	1592843	2477029	0	4069872	60.862577496294726	2338706	138323	1641057
Sample_82-NS	1789361	2326694	0	4116055	56.52728158394385	2198089	128605	1513382
Sample_83-NS	2151501	2569198	0	4720699	54.42410117654186	2427936	141262	1712164
Sample_84-NS	2199478	2561902	0	4761380	53.80587140702906	2419031	142871	1718007
Sample_85-NS	2191380	2587603	0	4778983	54.145474047511776	2449757	137846	1692406
Sample_86-NS	2129748	2412210	0	4541958	53.109473931727244	2274517	137693	1594855
Sample_87-NS	1820552	2401614	0	4222166	56.88108899555346	2270515	131099	1587582
Sample_88-NS	2170421	2679224	0	4849645	55.24577572172809	2526633	152591	1776820
Sample_89-NS	2183316	2834454	0	5017770	56.48832050891133	2672129	162325	1889051
Sample_9-NS	5049174	35991054	0	41040228	87.69701279437336	29416695	6574359	26493122
Sample_90-NS	1928465	2107280	0	4035745	52.21539021915409	1986838	120442	1373681
Sample_91-NS	1447739	1854509	0	3302248	56.15898624209932	1750926	103583	1238960
Sample_92-NS	1559449	2233649	0	3793098	58.88719458342495	2112944	120705	1500270
Sample_93-NS	2115921	2500471	0	4616392	54.165049241918794	2365158	135313	1644277
Sample_94-NS	2740411	2303558	0	5043969	45.669551101523425	2183994	119564	1511950
Sample_95-NS	1878916	2384606	0	4263522	55.930425596490416	2255822	128784	1593044
Sample_96-NS	2160435	2668655	0	4829090	55.262068008672436	2524238	144417	1739429
Sample_97-NS	1772642	2299957	0	4072599	56.47393715904757	2182412	117545	1532091
Sample_98-NS	2169969	2592601	0	4762570	54.43701614884401	2447040	145561	1734376
Sample_99-NS	1396105	1006243	0	2402348	41.88581337924398	946886	59357	651681
